0.1,0.1,0.1,0.1,0.1,0.1,0.1,0.1,0.1,0.1,
0.105556,0.105556,0.105556,0.105556,0.105556,0.105556,0.0500002,0.105556,0.105556,0.105556,
0.112037,0.112037,0.112037,0.112037,0.112037,0.112037,0.0333336,0.112037,0.0703705,0.112037,
0.119742,0.0840278,0.119742,0.119742,0.119742,0.119742,0.0250002,0.119742,0.0527779,0.119742,
0.129127,0.0672223,0.129127,0.129127,0.0957937,0.129127,0.0200002,0.129127,0.0422223,0.129127,
0.140939,0.0560186,0.107606,0.140939,0.0798281,0.140939,0.0166668,0.140939,0.0351853,0.140939,
0.120805,0.0480159,0.0922336,0.156519,0.0684241,0.156519,0.0142858,0.156519,0.0301588,0.156519,
0.110712,0.0459913,0.0835485,0.171442,0.0606693,0.171442,0.0125001,0.171442,0.026389,0.145865,
0.0984105,0.0459109,0.0783617,0.182553,0.0563394,0.182553,0.0111112,0.182553,0.0234569,0.138751,
0.0885695,0.0458466,0.0742123,0.191442,0.0528756,0.191442,0.0100001,0.191442,0.0211112,0.133059,
0.0805177,0.0486531,0.0738112,0.184736,0.0532787,0.197945,0.0108204,0.197945,0.0216175,0.130675,
0.0738079,0.0524676,0.0750042,0.169342,0.0552349,0.203453,0.0134092,0.203453,0.0238876,0.12994,
0.0681304,0.0571318,0.0775135,0.156315,0.0585043,0.207846,0.0175644,0.198812,0.027703,0.130479,
0.0632639,0.0619292,0.0804779,0.14515,0.0621457,0.212031,0.022043,0.195556,0.0257242,0.131679,
0.0590464,0.0578315,0.0843894,0.135473,0.066632,0.217185,0.0272185,0.194119,0.0240092,0.134096,
0.055356,0.0556504,0.0791151,0.1283,0.0718081,0.222754,0.0330331,0.194059,0.0225087,0.137416,
0.0520997,0.0550087,0.0756329,0.123257,0.0686322,0.228503,0.0392928,0.19502,0.0211846,0.141369,
0.0492053,0.0544384,0.0725376,0.118775,0.0658092,0.233613,0.0448569,0.195874,0.0200077,0.144883,
0.0466155,0.0515732,0.0701966,0.115175,0.0637136,0.238377,0.0501695,0.196917,0.0189547,0.148309,
0.0442848,0.0489945,0.0680898,0.111935,0.0618275,0.242664,0.0549507,0.197855,0.0180069,0.151392,
0.042176,0.0466615,0.0672827,0.11004,0.0612259,0.246818,0.0600482,0.193823,0.0171495,0.154775,
0.0402589,0.0445405,0.0674863,0.109238,0.0616179,0.251306,0.0594882,0.191044,0.0163699,0.158649,
0.0385085,0.042604,0.068499,0.109272,0.0628083,0.255426,0.0598745,0.189155,0.0156582,0.158194,
0.036904,0.0408288,0.0700364,0.109915,0.0601913,0.259849,0.0608342,0.188041,0.0150058,0.158395,
0.0354278,0.0391956,0.0721175,0.11111,0.0577836,0.260949,0.0624576,0.187496,0.0144055,0.159057,
0.0340652,0.038084,0.07468,0.112844,0.0555612,0.262507,0.0646099,0.187603,0.0138515,0.156194,
0.0328035,0.0376921,0.0775953,0.110851,0.0538555,0.264372,0.0671603,0.188207,0.0133385,0.154126,
0.031632,0.0376598,0.0805981,0.106892,0.0526084,0.266354,0.06983,0.189049,0.0128621,0.152516,
0.0305412,0.037756,0.0835028,0.103206,0.0507943,0.268286,0.0724273,0.189935,0.0124186,0.151133,
0.0295232,0.0384952,0.0865981,0.0997655,0.0491011,0.267856,0.0752777,0.191039,0.0120046,0.150339,
0.0285708,0.0397332,0.0898886,0.0965472,0.0475172,0.265301,0.0783631,0.192407,0.0116174,0.150055,
0.027678,0.0408939,0.0929735,0.0935301,0.0460323,0.262905,0.0812556,0.193689,0.0112543,0.149788,
0.0268393,0.0424721,0.0963191,0.0906959,0.0446374,0.258369,0.0844269,0.195325,0.0109133,0.150002,
0.0260499,0.0444611,0.100096,0.0880284,0.0433245,0.251105,0.0880201,0.197543,0.0105923,0.15078,
0.0253056,0.0467681,0.104046,0.0857301,0.0420867,0.244725,0.0918037,0.200006,0.0102897,0.149239,
0.0246027,0.0466205,0.108195,0.083901,0.0409176,0.239048,0.0957898,0.202766,0.0100039,0.148156,
0.0239813,0.0466647,0.112288,0.0823563,0.0398117,0.232587,0.0997288,0.20554,0.00973348,0.14731,
0.0233502,0.0467148,0.11617,0.0809013,0.0387641,0.226466,0.103467,0.208174,0.00947734,0.146515,
0.0227515,0.0472047,0.118171,0.0799862,0.0377701,0.220659,0.10725,0.210842,0.00923433,0.146131,
0.0221827,0.0476701,0.120071,0.0791169,0.0368259,0.215143,0.110845,0.213376,0.00900347,0.145766,
0.0216417,0.0484915,0.122144,0.0786867,0.0359277,0.209896,0.11274,0.215949,0.00878387,0.14574,
0.0211264,0.0496004,0.124276,0.0786309,0.0351846,0.204898,0.114725,0.217028,0.00857473,0.145955,
0.0206351,0.0509239,0.126434,0.0788664,0.0348515,0.200133,0.116762,0.216664,0.00837532,0.146354,
0.0201661,0.0524391,0.1271,0.0793574,0.0348545,0.195584,0.118881,0.216491,0.00818497,0.146941,
0.019718,0.0541199,0.127943,0.0800716,0.0351483,0.191238,0.121074,0.214987,0.00800308,0.147697,
0.0192893,0.0559092,0.128897,0.0809513,0.0356834,0.187273,0.121903,0.213711,0.0078291,0.148554,
0.0188789,0.0576224,0.12981,0.0817935,0.0361957,0.183476,0.122698,0.21249,0.00766253,0.149374,
0.0184856,0.0592904,0.130711,0.0826271,0.0367134,0.179653,0.123485,0.211346,0.00750289,0.150185,
0.0181084,0.0611465,0.131842,0.0818764,0.0374457,0.175987,0.124502,0.210509,0.00734977,0.151234,
0.0177462,0.0631072,0.133086,0.0813896,0.0383685,0.172467,0.125645,0.209875,0.00720278,0.151112,
0.0173982,0.0652044,0.134495,0.0811376,0.0394702,0.169085,0.126957,0.209478,0.00706155,0.149713,
0.0170636,0.0673922,0.136006,0.0811091,0.0407325,0.165834,0.128379,0.207981,0.00692575,0.148576,
0.0167417,0.069646,0.137593,0.0812771,0.0421304,0.162705,0.128727,0.206712,0.00679507,0.147673,
0.0164317,0.0720753,0.139396,0.0816503,0.0437003,0.159692,0.129302,0.205726,0.00666924,0.145358,
0.0161329,0.0744164,0.141134,0.08201,0.0452132,0.156788,0.129856,0.204776,0.00654798,0.143126,
0.0158448,0.0767791,0.141894,0.0825262,0.0468249,0.153988,0.130521,0.203995,0.00643105,0.141195,
0.0155668,0.0792203,0.142793,0.0832002,0.0485523,0.151287,0.131331,0.202213,0.00631822,0.139518,
0.0152984,0.0815773,0.143661,0.083851,0.0502201,0.148679,0.132113,0.200492,0.00620929,0.1379,
0.0150391,0.0838544,0.144499,0.0844797,0.0518314,0.146159,0.132868,0.198829,0.00610405,0.136336,
0.0147885,0.0861978,0.145445,0.085204,0.0535121,0.143723,0.13373,0.197333,0.00600231,0.134064,
0.0145461,0.0887318,0.146616,0.0861241,0.0553695,0.141366,0.134811,0.194664,0.00590391,0.131866,
0.0143114,0.0913216,0.146941,0.0871807,0.0573258,0.139086,0.136007,0.192278,0.00580869,0.129739,
0.0140843,0.0940097,0.146353,0.0883843,0.0594006,0.136879,0.137345,0.190148,0.00571649,0.12768,
0.0138642,0.0968847,0.144621,0.0897758,0.0616476,0.13474,0.138894,0.188261,0.00562717,0.125685,
0.0136509,0.0990697,0.143111,0.0912301,0.0639197,0.132667,0.140474,0.186586,0.0055406,0.123751,
0.0134441,0.101316,0.141815,0.0918106,0.0662568,0.130657,0.142133,0.185123,0.00545665,0.121988,
0.0132434,0.103568,0.140713,0.092498,0.0677811,0.128707,0.143815,0.183846,0.00537521,0.120454,
0.0130487,0.105795,0.13979,0.0932715,0.0693496,0.126814,0.144763,0.182733,0.00529616,0.119139,
0.0129336,0.108182,0.137764,0.0941943,0.0710584,0.124976,0.145885,0.181808,0.0052194,0.117979,
0.0129881,0.110521,0.135924,0.0951735,0.0727845,0.123191,0.146261,0.181012,0.00514484,0.117001,
0.0131717,0.112922,0.134266,0.0962544,0.0745909,0.121456,0.146755,0.179332,0.00507238,0.11618,
0.0133502,0.115257,0.132654,0.0973052,0.0763471,0.119769,0.147236,0.177698,0.00500193,0.115381,
0.0136582,0.11755,0.131225,0.0983972,0.077387,0.118128,0.147769,0.176228,0.00493341,0.114725,
0.014003,0.119848,0.129451,0.0995179,0.0784546,0.116532,0.148347,0.174846,0.00486674,0.114134,
0.0143385,0.122085,0.127725,0.100609,0.0794937,0.114978,0.148909,0.1735,0.00480185,0.113559,
0.0146652,0.124263,0.126045,0.101671,0.0805055,0.113465,0.149457,0.172191,0.00473867,0.113,
0.0151121,0.126454,0.124408,0.102799,0.0815913,0.111992,0.149357,0.171035,0.00467713,0.112575,
0.0156605,0.128819,0.122813,0.10408,0.0828181,0.110556,0.149418,0.170038,0.00461716,0.111181,
0.0162019,0.131134,0.121258,0.105336,0.0840219,0.109156,0.149485,0.169074,0.00455872,0.109773,
0.0168462,0.132963,0.119742,0.106622,0.0852657,0.107792,0.149629,0.168237,0.00450174,0.108401,
0.0176004,0.134838,0.118264,0.10732,0.0865856,0.106461,0.14988,0.167541,0.00444616,0.107063,
0.0184353,0.136272,0.116822,0.108075,0.0879375,0.105163,0.150197,0.16695,0.00439194,0.105757,
0.019362,0.137763,0.115414,0.108914,0.0887399,0.103896,0.150607,0.166482,0.00433902,0.104483,
0.0202666,0.139219,0.11404,0.109733,0.0895233,0.102659,0.151007,0.166024,0.00428737,0.103239,
0.0211499,0.140641,0.112699,0.110533,0.0902881,0.101451,0.151398,0.165578,0.00423693,0.102025,
0.0220127,0.14203,0.111388,0.111314,0.0910353,0.100272,0.15178,0.165142,0.00418766,0.100838,
0.0229415,0.143019,0.110108,0.112144,0.0918373,0.099119,0.152219,0.164794,0.00413953,0.0996793,
0.0238493,0.143985,0.108857,0.112955,0.0926211,0.0979927,0.152647,0.164454,0.00409249,0.0985466,
0.0248192,0.144558,0.107634,0.113817,0.0934607,0.0968916,0.153135,0.1642,0.0040465,0.0974393,
0.0257677,0.145118,0.106438,0.11466,0.0942816,0.0958151,0.153611,0.163951,0.00400154,0.0963566,
0.0266952,0.145665,0.105268,0.115485,0.0950844,0.0947622,0.154077,0.163707,0.00395757,0.0952978,
0.0276026,0.146201,0.104124,0.116292,0.0958698,0.0937321,0.154534,0.163469,0.00391455,0.0942619,
0.0285707,0.146344,0.103004,0.117156,0.0967141,0.0927243,0.155053,0.163313,0.00387246,0.0932484,
0.0295182,0.146483,0.101908,0.118001,0.0975404,0.0917378,0.155562,0.163161,0.00383126,0.0922563,
0.0305378,0.146708,0.100836,0.118388,0.0984361,0.0907722,0.156144,0.163101,0.00379094,0.0912852,
0.0316343,0.147028,0.0997853,0.118866,0.0994131,0.0898266,0.156815,0.162545,0.00375145,0.0903343,
0.0327083,0.147342,0.0987566,0.119335,0.10037,0.0889006,0.157472,0.162,0.00371277,0.0894031,
0.0338447,0.147727,0.0977489,0.119874,0.101383,0.0879934,0.157709,0.161555,0.00367489,0.0884908,
0.0350504,0.148195,0.0967616,0.119943,0.102467,0.0871046,0.158032,0.161211,0.00363777,0.0875969,
0.0357644,0.148749,0.0957939,0.120103,0.103624,0.0862336,0.158444,0.160966,0.00360139,0.086721,
0.0365486,0.149362,0.0948455,0.120339,0.104372,0.0853798,0.158919,0.160806,0.00356573,0.0858623,
0.0367711,0.15008,0.0939156,0.120674,0.105216,0.0845427,0.159499,0.160752,0.00353077,0.0850206,
0.0364141,0.15091,0.0930038,0.121105,0.106158,0.0837219,0.160194,0.160802,0.00349649,0.0841951,
0.036064,0.151427,0.0921096,0.121604,0.107157,0.0829169,0.160947,0.160927,0.00346287,0.0833855,
0.035723,0.15204,0.0912323,0.122198,0.108243,0.0821272,0.161795,0.160621,0.00342989,0.0825914,
0.0354931,0.152701,0.0903716,0.122847,0.109367,0.0813524,0.16226,0.160398,0.00339754,0.0818122,
0.0352675,0.15335,0.089527,0.123484,0.11047,0.0805921,0.162716,0.16018,0.00336578,0.0810476,
0.0351261,0.153675,0.0886981,0.124167,0.111607,0.0798459,0.16322,0.16003,0.00333462,0.0802972,
0.0350751,0.154067,0.0878843,0.124458,0.112792,0.0791134,0.163785,0.15996,0.00330403,0.0795605,
0.0351128,0.154512,0.0870854,0.124809,0.113622,0.0783942,0.164395,0.159959,0.00327399,0.0788372,
0.0351499,0.154949,0.0863008,0.125154,0.114437,0.0776879,0.164994,0.159957,0.00324449,0.078127,
0.0351863,0.155377,0.0855303,0.125492,0.115237,0.0769943,0.165582,0.159955,0.00321553,0.0774294,
0.035222,0.155799,0.0847734,0.125825,0.116023,0.0763129,0.16616,0.159954,0.00318707,0.0767442,
0.0353347,0.156292,0.0840298,0.125758,0.116874,0.0756435,0.166807,0.160031,0.00315911,0.076071,
0.0350275,0.156865,0.0832991,0.125757,0.1178,0.0749857,0.167538,0.160185,0.00313164,0.0754095,
0.0347255,0.157158,0.082581,0.125827,0.118777,0.0743393,0.168323,0.160405,0.00310465,0.0747595,
0.0344287,0.157521,0.0818752,0.125975,0.119434,0.0737039,0.169167,0.160697,0.00307811,0.0741205,
0.0341369,0.157605,0.0811813,0.126188,0.120148,0.0730793,0.170064,0.161053,0.00305202,0.0734923,
0.0338501,0.157688,0.0804991,0.126398,0.12085,0.0724652,0.170946,0.161402,0.00302638,0.0728748,
0.0336062,0.157845,0.0798283,0.126681,0.121614,0.0718613,0.171884,0.161411,0.00300116,0.0722675,
0.0334541,0.15805,0.0791685,0.127012,0.122408,0.0712674,0.17252,0.161473,0.00297635,0.0716702,
0.0333881,0.158315,0.0785196,0.127403,0.122855,0.0706833,0.173201,0.1616,0.00295196,0.0710828,
0.0333956,0.158644,0.0778812,0.127441,0.123365,0.0701086,0.173939,0.161793,0.00292796,0.0705049,
0.0334029,0.158968,0.0772532,0.127477,0.123867,0.0695432,0.174665,0.161983,0.00290435,0.0699363,
0.0331357,0.159343,0.0766351,0.127559,0.124414,0.0689869,0.175445,0.162224,0.00288111,0.0693768,
0.0328727,0.159792,0.0760269,0.127718,0.124629,0.0684393,0.176295,0.162542,0.00285824,0.0688262,
0.0326139,0.160235,0.0754283,0.127876,0.124842,0.0679004,0.177131,0.162854,0.00283574,0.0682842,
0.0323591,0.160744,0.074839,0.128105,0.125124,0.06737,0.178027,0.162867,0.00281358,0.0677508,
0.0321083,0.161327,0.0742589,0.128407,0.12548,0.0668477,0.178996,0.162558,0.00279177,0.0672256,
0.0318613,0.161901,0.0736876,0.128704,0.12583,0.0663335,0.179951,0.162253,0.0027703,0.0667084,
0.0316181,0.162551,0.0731251,0.128668,0.126254,0.0658272,0.180979,0.162029,0.00274915,0.0661992,
0.0313785,0.163237,0.0725712,0.1287,0.12673,0.0653285,0.181755,0.161874,0.00272832,0.0656977,
0.0311817,0.163988,0.0720255,0.128806,0.126861,0.0648373,0.182593,0.161797,0.00270781,0.0652037,
0.0309879,0.164727,0.071488,0.128911,0.126989,0.0643534,0.183418,0.161721,0.0026876,0.0647171,
0.0308596,0.165527,0.0709585,0.129083,0.127184,0.0638767,0.184305,0.161301,0.0026677,0.0642378,
0.0307972,0.166098,0.0704367,0.129294,0.127418,0.063407,0.185198,0.160938,0.00264808,0.0637654,
0.0307926,0.166448,0.0699226,0.129544,0.12769,0.0629442,0.186103,0.160627,0.00262875,0.0633,
0.0308434,0.166565,0.0694159,0.129836,0.128003,0.0624881,0.187028,0.16037,0.0026097,0.0628413,
0.0309535,0.166739,0.0689165,0.129827,0.128371,0.0620385,0.187999,0.160175,0.00259093,0.0623892,
0.031062,0.166911,0.0684242,0.129818,0.128734,0.0615954,0.188956,0.159983,0.00257242,0.0619436,
0.031169,0.167081,0.067939,0.12981,0.129092,0.0611586,0.189899,0.159794,0.00255418,0.0615042,
0.0313388,0.167281,0.0674605,0.129848,0.12948,0.0607279,0.190604,0.159653,0.00253619,0.0610711,
0.0315612,0.167544,0.0669888,0.129568,0.129927,0.0603032,0.19137,0.159575,0.00251845,0.060644,
0.0318367,0.167864,0.0665236,0.12935,0.130429,0.0598844,0.192191,0.159196,0.00250096,0.0602229,
0.032165,0.16821,0.0660648,0.129186,0.130955,0.0594714,0.192784,0.158873,0.00248372,0.0598076,
0.0325428,0.168594,0.0656123,0.129076,0.131232,0.0590641,0.193408,0.158606,0.0024667,0.0593979,
0.0329155,0.168974,0.0651659,0.128968,0.131505,0.0586623,0.194024,0.158342,0.00244992,0.0589939,
0.0333384,0.169421,0.0647256,0.128529,0.131839,0.0582659,0.194711,0.158141,0.00243337,0.0585953,
0.0333876,0.169945,0.0642912,0.128147,0.132243,0.0578749,0.195484,0.158008,0.00241704,0.058202,
0.0334361,0.170462,0.0638626,0.127771,0.132642,0.057489,0.196247,0.157876,0.00240093,0.057814,
0.0335311,0.171079,0.0634397,0.126958,0.133125,0.0571083,0.197123,0.15782,0.00238503,0.0574311,
0.0336249,0.171687,0.0630223,0.126156,0.133602,0.0567326,0.197987,0.157765,0.00236933,0.0570533,
0.0337728,0.17235,0.0626104,0.125418,0.134134,0.0563618,0.198906,0.157412,0.00235385,0.0566804,
0.0339762,0.173045,0.0622039,0.124751,0.134415,0.0559958,0.199846,0.157117,0.00233856,0.0563123,
0.033757,0.173839,0.0618025,0.124132,0.134773,0.0556346,0.200901,0.156889,0.00232348,0.055949,
0.0335406,0.174622,0.0614064,0.12352,0.135127,0.0552779,0.201942,0.156665,0.00230858,0.0555904,
0.033327,0.175396,0.0610152,0.122917,0.135476,0.0549258,0.20297,0.156443,0.00229388,0.0552363,
0.033116,0.176212,0.0606291,0.122139,0.13586,0.0545782,0.204044,0.156256,0.00227936,0.0548867,
0.0329077,0.177017,0.0602478,0.121371,0.136239,0.0542349,0.205105,0.156071,0.00226502,0.0545415,
0.0327021,0.177813,0.0598712,0.120612,0.136614,0.053896,0.206152,0.155888,0.00225087,0.0542006,
0.032499,0.178598,0.0594993,0.119863,0.136984,0.0535612,0.207187,0.155708,0.00223689,0.053864,
0.0322983,0.179455,0.0591321,0.119123,0.137113,0.0532306,0.208294,0.155599,0.00222308,0.0535315,
0.0321002,0.180302,0.0587693,0.118393,0.13724,0.052904,0.209388,0.155491,0.00220944,0.0532031,
0.0319045,0.181179,0.0584109,0.117671,0.137424,0.0525814,0.210309,0.155445,0.00219597,0.0528786,
0.0317111,0.182046,0.0580569,0.116958,0.137606,0.0522628,0.211218,0.1554,0.00218266,0.0525582,
0.0315201,0.182994,0.0577072,0.116253,0.137529,0.0519479,0.212211,0.155427,0.00216951,0.0522415,
0.0313313,0.183929,0.0573616,0.115557,0.137453,0.0516369,0.213192,0.155453,0.00215652,0.0519287,
0.0311448,0.184951,0.0570202,0.114869,0.137448,0.0513295,0.214264,0.15521,0.00214368,0.0516196,
0.0309605,0.185961,0.0566828,0.114189,0.137444,0.0510258,0.215323,0.154969,0.002131,0.0513142,
0.0307784,0.186959,0.0563494,0.113518,0.137439,0.0507256,0.216369,0.154731,0.00211846,0.0510123,
0.0305984,0.187946,0.0560198,0.112854,0.137435,0.050429,0.217403,0.154495,0.00210608,0.050714,
0.0304205,0.188956,0.0556942,0.112198,0.137489,0.0501358,0.21827,0.154324,0.00209383,0.0504192,
0.0302447,0.190056,0.0553722,0.111549,0.13727,0.049846,0.21923,0.154223,0.00208173,0.0501277,
0.0300709,0.191259,0.055054,0.110908,0.13712,0.0495595,0.220294,0.153825,0.00206976,0.0498396,
0.029899,0.192586,0.0547394,0.110274,0.136627,0.0492763,0.221486,0.153498,0.00205794,0.0495548,
0.0297292,0.193762,0.0544284,0.109648,0.136201,0.0489963,0.222685,0.153231,0.00204624,0.0492733,
0.0295612,0.195071,0.0541209,0.109028,0.135841,0.0487195,0.224023,0.152606,0.00203468,0.0489949,
0.0293951,0.196462,0.0538168,0.108416,0.135522,0.0484458,0.225451,0.151749,0.00202325,0.0487196,
0.0292309,0.197727,0.0535162,0.10781,0.135273,0.0481752,0.226907,0.150901,0.00201195,0.0484475,
0.0290685,0.198979,0.0532189,0.107211,0.135026,0.0479075,0.228347,0.150063,0.00200077,0.0481783,
0.0289079,0.200216,0.0529248,0.106619,0.134782,0.0476429,0.229772,0.149234,0.00198972,0.0479121,
0.0287491,0.20149,0.052634,0.106033,0.134617,0.0473811,0.231054,0.148414,0.00197878,0.0476489,
0.028592,0.202927,0.0523464,0.105454,0.134092,0.0471222,0.232508,0.147603,0.00196797,0.0473885,
0.0284366,0.204238,0.0520619,0.10488,0.133641,0.0468661,0.233987,0.1468,0.00195728,0.047131,
0.0282829,0.205536,0.0517805,0.104313,0.133194,0.0466127,0.23545,0.146007,0.0019467,0.0468762,
0.0281308,0.206819,0.0515021,0.103753,0.132753,0.0463621,0.236898,0.145222,0.00193623,0.0466242,
0.0279804,0.208117,0.0512267,0.103198,0.132394,0.0461142,0.238183,0.144487,0.00192588,0.0463749,
0.0278316,0.209412,0.0509542,0.102649,0.132107,0.0458689,0.239297,0.143837,0.00191563,0.0461282,
0.0276843,0.210693,0.0506846,0.102106,0.131824,0.0456262,0.240398,0.143195,0.0019055,0.0458841,
0.0275386,0.211961,0.0504179,0.101568,0.131544,0.0453861,0.241488,0.142559,0.00189547,0.0456426,
0.0273944,0.213397,0.0501539,0.101037,0.130855,0.0451485,0.242748,0.141977,0.00188554,0.0454037,
0.0272517,0.214846,0.0498927,0.10051,0.13021,0.0449133,0.243852,0.14148,0.00187572,0.0451672,
0.0271105,0.21628,0.0496342,0.0999896,0.129572,0.0446806,0.244946,0.140988,0.001866,0.0449331,
0.0269708,0.217699,0.0493783,0.0994742,0.128941,0.0444503,0.246028,0.140501,0.00185639,0.0447015,
0.0268325,0.219112,0.0491251,0.0989641,0.128392,0.0442223,0.246943,0.14009,0.00184687,0.0444723,
0.0266956,0.22051,0.0488745,0.0984591,0.127849,0.0439967,0.247849,0.139683,0.00183744,0.0442454,
0.0265601,0.221895,0.0486264,0.0979594,0.127311,0.0437734,0.248746,0.13928,0.00182812,0.0440208,
0.0264259,0.223408,0.0483808,0.0974646,0.126814,0.0435523,0.249761,0.138576,0.00181888,0.0437985,
0.0262931,0.224906,0.0481377,0.0969748,0.126321,0.0433335,0.250766,0.13788,0.00180974,0.0435784,
0.0261617,0.226389,0.047897,0.09649,0.125834,0.0431168,0.25176,0.13719,0.00180069,0.0433605,
0.0260315,0.22776,0.0476587,0.0960099,0.125414,0.0429023,0.252778,0.136508,0.00179174,0.0431448,
0.0259026,0.229162,0.0474227,0.0955346,0.125072,0.0426899,0.253668,0.135834,0.00178287,0.0429312,
0.025775,0.23056,0.0471891,0.095064,0.1248,0.0424796,0.2544,0.135239,0.00177408,0.0427197,
0.0256487,0.231945,0.0469578,0.094598,0.12453,0.0422714,0.255125,0.13465,0.00176539,0.0425103,
0.0255236,0.233316,0.0467288,0.0941365,0.124262,0.0420652,0.255842,0.134066,0.00175677,0.0423029,
0.0253997,0.234554,0.0465019,0.0936796,0.124049,0.041861,0.256564,0.133546,0.00174825,0.0420976,
0.025277,0.235796,0.0462773,0.093227,0.123896,0.0416587,0.257138,0.133096,0.0017398,0.0418942,
0.0251554,0.236914,0.0460548,0.0927788,0.123791,0.0414584,0.257722,0.132702,0.00173144,0.0416928,
0.0250351,0.238044,0.0458344,0.0923349,0.12374,0.0412601,0.258167,0.132369,0.00172315,0.0414933,
0.0249159,0.239057,0.0456162,0.0918952,0.123731,0.0410636,0.258625,0.132086,0.00171495,0.0412957,
0.0247978,0.239955,0.0454,0.0914597,0.123763,0.040869,0.259099,0.13185,0.00170682,0.0411,
0.0246808,0.240743,0.0451858,0.0910283,0.123834,0.0406762,0.259587,0.13166,0.00169877,0.0409061,
0.0245649,0.241422,0.0449737,0.0906009,0.123942,0.0404852,0.260093,0.131513,0.00169079,0.0407141,
0.0244501,0.242123,0.0447635,0.0901775,0.124093,0.0402961,0.260475,0.131416,0.00168289,0.0405238,
0.0243364,0.242722,0.0445553,0.0897581,0.124278,0.0401086,0.260875,0.131357,0.00167506,0.0403353,
0.0242238,0.243218,0.044349,0.0893426,0.124496,0.0399229,0.261297,0.131335,0.00166731,0.0401486,
0.0241121,0.243775,0.0441447,0.0889308,0.124533,0.039739,0.261779,0.131363,0.00165963,0.0399636,
0.0240015,0.244327,0.0439422,0.0885229,0.12457,0.0395567,0.262257,0.131391,0.00165201,0.0397803,
0.0238919,0.244766,0.0437415,0.0881187,0.124648,0.0393761,0.262757,0.131458,0.00164447,0.0395986,
0.0237833,0.245202,0.0435427,0.0877181,0.124725,0.0391971,0.263252,0.131525,0.00163699,0.0394186,
0.0236757,0.245633,0.0433457,0.0873212,0.124801,0.0390197,0.263743,0.131591,0.00162959,0.0392403,
0.0235691,0.246089,0.0431504,0.0869279,0.124917,0.038844,0.26412,0.131697,0.00162225,0.0390635,
0.0234634,0.246448,0.0429569,0.0865381,0.125066,0.0386698,0.264518,0.131836,0.00161497,0.0388883,
0.0233586,0.246826,0.0427652,0.0861764,0.125249,0.0384971,0.264797,0.132009,0.00160776,0.0387147,
0.0232548,0.247246,0.0425751,0.0858542,0.125471,0.038326,0.26512,0.132009,0.00160062,0.0385427,
0.0231519,0.247561,0.0423867,0.0855725,0.125716,0.0381564,0.265452,0.132038,0.00159353,0.0383721,
0.0230499,0.247902,0.0422,0.0851955,0.12598,0.0379884,0.265811,0.132084,0.00158651,0.0382031,
0.0229488,0.24815,0.0420149,0.0848218,0.126272,0.0378217,0.266193,0.132162,0.00157956,0.0380355,
0.0228486,0.248457,0.0418314,0.0844514,0.126613,0.0376566,0.266637,0.132063,0.00157266,0.0378694,
0.0227493,0.248761,0.0416495,0.0840843,0.12695,0.0374929,0.267077,0.131965,0.00156582,0.0377048,
0.0226508,0.249113,0.0414692,0.0837203,0.127137,0.0373305,0.267566,0.131912,0.00155904,0.0375415,
0.0225532,0.249489,0.0412905,0.0833594,0.127359,0.0371696,0.267948,0.131899,0.00155232,0.0373797,
0.0224564,0.249925,0.0411133,0.0830016,0.127403,0.0370101,0.26839,0.131936,0.00154566,0.0372193,
0.0223604,0.250356,0.0409376,0.0826469,0.127447,0.036852,0.268828,0.131972,0.00153905,0.0370602,
0.0222652,0.250784,0.0407634,0.0822952,0.12749,0.0366951,0.269263,0.132008,0.00153251,0.0369025,
0.0221709,0.251234,0.0405907,0.0819465,0.127572,0.0365396,0.269591,0.132083,0.00152601,0.0367462,
0.0220773,0.251746,0.0404194,0.0816008,0.127478,0.0363855,0.26998,0.132203,0.00151957,0.0365911,
0.0219846,0.252278,0.0402496,0.0812579,0.127425,0.0362326,0.270263,0.132359,0.00151319,0.0364374,
0.0218926,0.252806,0.0400811,0.0809179,0.127373,0.036081,0.270544,0.132514,0.00150686,0.0362849,
0.0218014,0.253329,0.0399141,0.0805808,0.12732,0.0359307,0.270822,0.132668,0.00150058,0.0361337,
0.0217109,0.253909,0.0397485,0.0802464,0.127312,0.0357816,0.271156,0.132658,0.00149435,0.0359838,
0.0216212,0.254484,0.0395843,0.0799148,0.127303,0.0356337,0.271487,0.132648,0.00148818,0.0358351,
0.0215322,0.254973,0.0394214,0.0795859,0.127326,0.0354871,0.271835,0.13267,0.00148205,0.0356876,
0.021444,0.255376,0.0392598,0.0792598,0.12738,0.0353416,0.272199,0.132722,0.00147598,0.0355414,
0.0213565,0.25584,0.0390996,0.0789362,0.127477,0.0351974,0.272625,0.132602,0.00146995,0.0353963,
0.0212696,0.256218,0.0389406,0.0786154,0.127604,0.0350543,0.273066,0.132516,0.00146398,0.0352524,
0.0211835,0.256509,0.038783,0.0782971,0.12776,0.0349124,0.273524,0.132463,0.00145805,0.0351097,
0.0210981,0.256822,0.0386266,0.0779814,0.127948,0.0347716,0.273884,0.132447,0.00145217,0.0349681,
0.0210134,0.257185,0.0384715,0.0776682,0.127988,0.034632,0.274295,0.132472,0.00144634,0.0348277,
0.0209293,0.257545,0.0383176,0.0773575,0.128027,0.0344934,0.274703,0.132497,0.00144056,0.0346884,
0.0208459,0.257966,0.0381649,0.0770493,0.127892,0.034356,0.275175,0.132566,0.00143482,0.0345502,
0.0207632,0.258301,0.0380135,0.0767436,0.127791,0.0342197,0.275662,0.132664,0.00142912,0.0344131,
0.0206812,0.258709,0.0378632,0.0764402,0.127481,0.0340844,0.27623,0.132811,0.00142347,0.0342771,
0.0205997,0.259185,0.0377142,0.0761393,0.12698,0.0339502,0.276873,0.132998,0.00141787,0.0341421,
0.0205189,0.259658,0.0375663,0.0758407,0.126482,0.0338171,0.277512,0.133184,0.00141231,0.0340082,
0.0204388,0.260127,0.0374195,0.0755445,0.125987,0.033685,0.278146,0.133369,0.00140679,0.0338754,
0.0203593,0.260628,0.0372739,0.0752505,0.125497,0.0335539,0.278698,0.133594,0.00140132,0.0337436,
0.0202804,0.261057,0.0371294,0.0749588,0.125011,0.0334239,0.279278,0.133853,0.00139589,0.0336128,
0.0202021,0.261496,0.0369861,0.0746694,0.124558,0.0332948,0.27975,0.134139,0.0013905,0.033514,
0.0201244,0.261935,0.0368438,0.0743822,0.124152,0.0331668,0.280109,0.134443,0.00138515,0.0334591,
0.0200472,0.262282,0.0367027,0.0740972,0.123782,0.0330397,0.280469,0.134763,0.00137984,0.0334377,
0.0199707,0.262634,0.0365626,0.0738144,0.123454,0.0329136,0.280721,0.1351,0.00137458,0.0334552,
0.0198948,0.26303,0.0364236,0.0735338,0.123143,0.0327884,0.281019,0.13547,0.00136935,0.033328,
0.0198194,0.263483,0.0362856,0.0732552,0.122677,0.0326642,0.281372,0.135878,0.00136416,0.0332017,
0.0197446,0.263984,0.0361487,0.0729788,0.122214,0.032541,0.281774,0.136179,0.00135901,0.0330764,
0.0196704,0.264482,0.0360128,0.0727044,0.121754,0.0324186,0.282173,0.136478,0.00135391,0.0329521,
0.0195967,0.264976,0.0358779,0.0724321,0.121298,0.0322972,0.28257,0.136774,0.00134883,0.0328287,
0.0195236,0.265466,0.035744,0.0721619,0.120846,0.0321767,0.282963,0.137069,0.0013438,0.0327062,
0.019451,0.265953,0.0356111,0.0718936,0.120397,0.0320571,0.283354,0.137361,0.00133881,0.0325846,
0.019379,0.266495,0.0354792,0.0716273,0.119951,0.0319384,0.2838,0.137532,0.00133385,0.0324639,
0.0193075,0.26706,0.0353483,0.0713821,0.119508,0.0318205,0.284162,0.137738,0.00132893,0.0323441,
0.0192365,0.267532,0.0352184,0.071174,0.11909,0.0317035,0.284522,0.13796,0.00132404,0.0322398,
0.0191661,0.268005,0.0350894,0.070969,0.118676,0.0315874,0.284883,0.138184,0.00131919,0.0321217,
0.0190961,0.268476,0.0349613,0.0708041,0.118305,0.0314721,0.28514,0.138426,0.00131438,0.0320045,
0.0190267,0.268944,0.0348342,0.0706404,0.117936,0.0313577,0.285396,0.138667,0.0013096,0.0318881,
0.0189577,0.269409,0.0347079,0.0704779,0.11757,0.031244,0.28565,0.138907,0.00130485,0.0317726,
0.0188893,0.26987,0.0345827,0.0703165,0.117207,0.0311313,0.285902,0.139144,0.00130014,0.0316578,
0.0188213,0.270245,0.0344583,0.0701874,0.116878,0.0310193,0.286155,0.139396,0.00129546,0.031544,
0.0187539,0.270617,0.0343347,0.0700591,0.116551,0.0309081,0.286408,0.139647,0.00129082,0.0314309,
0.0186869,0.270907,0.0342121,0.0699606,0.116256,0.0307977,0.286663,0.139911,0.00128621,0.0313187,
0.0186204,0.271117,0.0340904,0.0698901,0.115992,0.0306881,0.286924,0.14019,0.00128163,0.0312072,
0.0185544,0.271325,0.0339695,0.0698201,0.115729,0.0305793,0.287183,0.140467,0.00127709,0.0310965,
0.0184888,0.271588,0.0338494,0.0695734,0.115486,0.0304712,0.2875,0.140784,0.00127258,0.0309867,
0.0184237,0.271908,0.0337303,0.0693284,0.115079,0.0303639,0.287879,0.141142,0.00126809,0.0308776,
0.0183591,0.272274,0.0336119,0.0690851,0.114676,0.0302574,0.288303,0.141401,0.00126365,0.0307692,
0.0182949,0.272637,0.0334944,0.0688436,0.114275,0.0301516,0.288725,0.141659,0.00125923,0.0306616,
0.0182311,0.272933,0.0333777,0.0686174,0.113876,0.0300465,0.289166,0.141942,0.00125484,0.0305548,
0.0181678,0.273266,0.0332618,0.0684263,0.113481,0.0299422,0.289645,0.142111,0.00125048,0.0304487,
0.018105,0.273597,0.0331467,0.0682365,0.113088,0.0298386,0.29012,0.142278,0.00124616,0.0303433,
0.0180425,0.273926,0.0330324,0.068048,0.112698,0.0297357,0.290592,0.142444,0.00124186,0.0302387,
0.0179805,0.274296,0.0329189,0.0678912,0.112311,0.0296335,0.291107,0.142489,0.00123759,0.0301348,
0.0179189,0.274664,0.0328061,0.0677355,0.111927,0.029532,0.291618,0.142534,0.00123335,0.0300316,
0.0178578,0.275058,0.0326942,0.0675044,0.111545,0.0294313,0.292157,0.142594,0.00122914,0.0299291,
0.017797,0.275392,0.032583,0.0672748,0.111165,0.0293311,0.29272,0.142685,0.00122496,0.0298273,
0.0177367,0.275665,0.0324725,0.0670467,0.110788,0.0292317,0.293306,0.142806,0.00122081,0.0297262,
0.0176768,0.275964,0.0323628,0.0668202,0.110414,0.029133,0.293826,0.142961,0.00121669,0.0296258,
0.0176173,0.276317,0.0322539,0.0665952,0.110042,0.0290349,0.294403,0.142998,0.00121259,0.029526,
0.0175582,0.276611,0.0321456,0.0663717,0.109673,0.0289374,0.295003,0.143064,0.00120852,0.0294269,
0.0174994,0.276964,0.0320381,0.0661498,0.109306,0.0288407,0.29567,0.142999,0.00120448,0.0293285,
0.0174411,0.277256,0.0319313,0.0659293,0.108942,0.0287445,0.296359,0.142966,0.00120046,0.0292307,
0.0173832,0.27756,0.0318252,0.0657467,0.10858,0.028649,0.296962,0.142964,0.00119647,0.0291336,
0.0173256,0.277792,0.0317198,0.0655964,0.108223,0.0285542,0.297572,0.142988,0.00119251,0.0290372,
0.0172684,0.278022,0.0316152,0.065447,0.107868,0.0284599,0.298179,0.143011,0.00118858,0.0289413,
0.0172116,0.278293,0.0315112,0.0653265,0.107542,0.0283663,0.298829,0.142889,0.00118467,0.0288461,
0.0171552,0.278563,0.0314078,0.0652068,0.107219,0.0282733,0.299475,0.142767,0.00118078,0.0287516,
0.0170991,0.278752,0.0313052,0.0651161,0.106927,0.0281809,0.300114,0.14267,0.00117692,0.0286576,
0.0170434,0.278864,0.0312032,0.065053,0.106666,0.0280891,0.300749,0.142595,0.00117309,0.0285642,
0.0169881,0.278896,0.0311019,0.0650161,0.106433,0.0279979,0.301383,0.142543,0.00116928,0.0284715,
0.0169331,0.278929,0.0310013,0.0649795,0.106201,0.0279073,0.302012,0.142492,0.0011655,0.0283794,
0.0168785,0.278966,0.0309013,0.0649739,0.106004,0.0278173,0.302546,0.142463,0.00116174,0.0282878,
0.0168242,0.279009,0.0308019,0.0649972,0.105839,0.0277278,0.302989,0.142457,0.001158,0.0281969,
0.0167703,0.279089,0.0307032,0.0650464,0.1057,0.027639,0.303473,0.142319,0.00115429,0.0281065,
0.0167167,0.279096,0.0306051,0.0651174,0.105584,0.0275507,0.303959,0.142203,0.0011506,0.0280167,
0.0166635,0.27911,0.0305076,0.065213,0.105496,0.0274629,0.30436,0.142112,0.00114694,0.0279275,
0.0166106,0.27918,0.0304108,0.0653387,0.105212,0.0273757,0.304836,0.142054,0.0011433,0.0278388,
0.016558,0.27918,0.0303145,0.065484,0.104953,0.0272891,0.305314,0.142016,0.00113968,0.0277507,
0.0165058,0.279188,0.0302189,0.0656508,0.104727,0.027203,0.305709,0.141999,0.00113608,0.0276632,
0.0164539,0.279224,0.0301239,0.0658334,0.104397,0.0271175,0.306141,0.142001,0.00113251,0.0275762,
0.0164023,0.279195,0.0300294,0.066038,0.10407,0.0270325,0.30659,0.142025,0.00112896,0.0274897,
0.016351,0.279166,0.0299356,0.0662413,0.103745,0.026948,0.307035,0.142049,0.00112543,0.0274038,
0.0163001,0.279137,0.0298423,0.0664434,0.103422,0.026864,0.307478,0.142073,0.00112193,0.0273185,
0.0162495,0.279126,0.0297497,0.0666695,0.103101,0.0267806,0.307851,0.142121,0.00111844,0.0272336,
0.0161992,0.279132,0.0296576,0.0669183,0.102781,0.0266977,0.308158,0.142192,0.00111498,0.0271493,
0.0161492,0.279138,0.029566,0.0671655,0.102464,0.0266153,0.308463,0.142262,0.00111154,0.0270655,
0.0160995,0.279082,0.0294751,0.0674327,0.102149,0.0265334,0.308785,0.142353,0.00110812,0.0269822,
0.0160501,0.279038,0.0293846,0.0677175,0.101858,0.026452,0.309033,0.142462,0.00110472,0.0268995,
0.016001,0.278928,0.0292948,0.0680179,0.101591,0.0263711,0.30929,0.142587,0.00110134,0.0268172,
0.0159522,0.27883,0.0292055,0.068333,0.101353,0.0262907,0.309476,0.142726,0.00109798,0.0267354,
0.0159037,0.278733,0.0291167,0.0686463,0.101116,0.0262108,0.30966,0.142865,0.00109465,0.0266542,
0.0158556,0.278636,0.0290285,0.0689577,0.10088,0.0261314,0.309843,0.143003,0.00109133,0.0265734,
0.0158076,0.278552,0.0289408,0.0692839,0.100672,0.0260524,0.309955,0.143156,0.00108803,0.0264931,
0.01576,0.27849,0.0288536,0.0696302,0.100487,0.025974,0.310089,0.143219,0.00108476,0.0264133,
0.0157127,0.27846,0.0287669,0.0699988,0.100185,0.025896,0.310261,0.143304,0.0010815,0.026334,
0.0156657,0.278459,0.0286808,0.0702771,0.099885,0.0258184,0.310465,0.143416,0.00107826,0.0262552,
0.0156189,0.278476,0.0285952,0.0705756,0.0995869,0.0257414,0.310606,0.143548,0.00107504,0.0261768,
0.0155724,0.278506,0.0285101,0.0708912,0.099291,0.0256648,0.310682,0.143697,0.00107184,0.0261134,
0.0155262,0.27854,0.0284255,0.0712168,0.0990224,0.0255886,0.31068,0.143856,0.00106866,0.0260757,
0.0154803,0.278509,0.0283414,0.0715514,0.098775,0.0255129,0.310683,0.144024,0.0010655,0.0260575,
0.0154346,0.278495,0.0282578,0.0717926,0.0985491,0.0254376,0.310702,0.144209,0.00106236,0.0260594,
0.0153892,0.278496,0.0281747,0.0720497,0.098345,0.0253628,0.310734,0.144307,0.00105923,0.0260816,
0.0153441,0.278514,0.0280921,0.0723234,0.0981611,0.0252884,0.310784,0.144315,0.00105613,0.0261227,
0.0152992,0.278532,0.0280099,0.0725955,0.0979782,0.0252145,0.310832,0.144322,0.00105304,0.0261635,
0.0152546,0.278581,0.0279283,0.0728872,0.0978071,0.025141,0.310915,0.144348,0.00104997,0.0260872,
0.0152103,0.27863,0.0278471,0.0731772,0.0976369,0.0250679,0.310998,0.144375,0.00104692,0.0260114,
0.0151662,0.278688,0.0277664,0.0734814,0.0974903,0.0249952,0.311015,0.144418,0.00104388,0.025936,
0.0151223,0.278689,0.0276861,0.0737978,0.0973627,0.024923,0.311041,0.144476,0.00104086,0.0258611,
0.0150788,0.278691,0.0276063,0.0741122,0.0972358,0.0248512,0.311067,0.144533,0.00103786,0.0257865,
0.0150354,0.278702,0.027527,0.0744391,0.0971304,0.0247798,0.311027,0.144605,0.00103488,0.025719,
0.0149924,0.278654,0.0274481,0.0747739,0.0970411,0.0247088,0.310993,0.144687,0.00103192,0.02567,
0.0149495,0.278643,0.0273707,0.0751358,0.0968087,0.0246382,0.310997,0.144796,0.00102897,0.0256328,
0.0149069,0.278631,0.0272927,0.0754957,0.0965777,0.024568,0.311002,0.144904,0.00102604,0.0255958,
0.0148646,0.278631,0.0272151,0.0758627,0.0963034,0.0244982,0.311019,0.145021,0.00102312,0.0255626,
0.0148225,0.278573,0.0271381,0.0762412,0.0960305,0.0244288,0.311047,0.14515,0.00102022,0.0255484,
0.0147806,0.278535,0.0270614,0.0765413,0.0957593,0.0243598,0.311093,0.145299,0.00101734,0.0255542,
0.014739,0.278441,0.0269852,0.0768536,0.0954895,0.0242911,0.311149,0.14546,0.00101448,0.0255772,
0.0146976,0.278348,0.0269094,0.0771642,0.0952213,0.0242229,0.311205,0.14562,0.00101163,0.0256001,
0.0146564,0.278275,0.026834,0.0773936,0.0949546,0.0241551,0.311282,0.145799,0.00100879,0.0256417,
0.0146155,0.278227,0.026759,0.0775322,0.0946893,0.0240876,0.311383,0.145999,0.00100597,0.0257016,
0.0145747,0.278205,0.0266845,0.0775701,0.0944256,0.0240205,0.311514,0.146223,0.00100317,0.0257785,
0.0145343,0.278128,0.0266104,0.0776239,0.0941633,0.0239538,0.311655,0.146459,0.00100039,0.025872,
0.014494,0.278051,0.0265367,0.0776774,0.0939024,0.0238874,0.311795,0.146694,0.000997615,0.025965,
0.014454,0.277918,0.0264633,0.0777463,0.093643,0.0238214,0.311944,0.14694,0.000994859,0.0260739,
0.0144141,0.277814,0.0263904,0.0777009,0.0933876,0.0237558,0.31213,0.147214,0.000992118,0.0262001,
0.0143745,0.277649,0.0263179,0.0776709,0.0931506,0.0236905,0.31232,0.147496,0.000989392,0.0263404,
0.0143352,0.277515,0.0262458,0.0776582,0.0929272,0.0236256,0.312552,0.147808,0.000986682,0.0263459,
0.014296,0.277316,0.0261741,0.0776608,0.0927219,0.0235611,0.312789,0.148129,0.000983986,0.0263678,
0.014257,0.277119,0.0261028,0.0776634,0.0925178,0.0234969,0.313025,0.148447,0.000981305,0.0263895,
0.0142183,0.276935,0.0260331,0.0776849,0.0923368,0.023433,0.313261,0.148687,0.000978638,0.0264323,
0.0141798,0.276754,0.0259868,0.0777204,0.0921773,0.0233695,0.31342,0.148923,0.000975986,0.0264937,
0.0141414,0.276575,0.0259627,0.0777698,0.0920382,0.0233064,0.313502,0.149158,0.000973348,0.0265727,
0.0141033,0.276406,0.0259563,0.0778322,0.0919161,0.0232436,0.313585,0.14932,0.000970725,0.0266668,
0.0140654,0.276246,0.0259658,0.0779075,0.0918098,0.0231811,0.313671,0.14941,0.000968115,0.026775,
0.0140277,0.276105,0.0259885,0.0778822,0.0917179,0.0231189,0.31378,0.149517,0.00096552,0.0268968,
0.0139902,0.275907,0.0260241,0.077869,0.0916387,0.0230571,0.313889,0.149631,0.000962938,0.0270298,
0.0139529,0.275651,0.0260721,0.0778675,0.0915719,0.0229956,0.314002,0.149753,0.00096037,0.0271735,
0.0139158,0.275396,0.0261198,0.0778659,0.0915054,0.0229345,0.314114,0.149874,0.000957816,0.0273164,
0.0138789,0.275154,0.026182,0.0778781,0.0914533,0.0228736,0.314231,0.149922,0.000955275,0.0274723,
0.0138421,0.274917,0.0262593,0.0779029,0.0914151,0.0228131,0.314283,0.149976,0.000952748,0.0276397,
0.0138056,0.274699,0.0263488,0.0778253,0.0913907,0.0227529,0.31436,0.150047,0.000950234,0.0278205,
0.0137693,0.274425,0.0264494,0.0777597,0.0913774,0.022693,0.314441,0.150127,0.000947734,0.0280109,
0.0137332,0.274152,0.0265494,0.0776945,0.0913642,0.0226335,0.314522,0.150206,0.000945246,0.0282004,
0.0136972,0.27388,0.0266488,0.0776297,0.091351,0.0225742,0.314603,0.150284,0.000942772,0.0283889,
0.0136614,0.273616,0.0267612,0.0775795,0.0913497,0.0225153,0.314622,0.150368,0.00094031,0.0285871,
0.0136259,0.273368,0.0268858,0.077542,0.0913618,0.0224567,0.314662,0.150466,0.000937862,0.0286941,
0.0135905,0.273141,0.0269006,0.0775176,0.0913886,0.0223983,0.31473,0.150584,0.000935426,0.0288137,
0.0135553,0.272858,0.0269271,0.0775043,0.0914256,0.0223403,0.314803,0.15071,0.000933002,0.0289437,
0.0135202,0.272597,0.026966,0.0773677,0.0914797,0.0222826,0.314908,0.15086,0.000930591,0.0290883,
0.0134854,0.272347,0.027019,0.0772467,0.0915453,0.0222251,0.315017,0.150941,0.000928193,0.029245,
0.0134507,0.27212,0.0269495,0.0771356,0.0916273,0.022168,0.315163,0.151045,0.000925807,0.0294153,
0.0134162,0.271835,0.0268862,0.0770375,0.09172,0.0221112,0.315316,0.151158,0.000923433,0.0295962,
0.0133819,0.271563,0.0268383,0.0769538,0.0918239,0.0220546,0.315473,0.151203,0.000921071,0.0297886,
0.0133478,0.271311,0.0267976,0.0767575,0.0919439,0.0219984,0.315664,0.151267,0.000918722,0.0299946,
0.0133138,0.271074,0.0267718,0.0765622,0.0920774,0.0219424,0.315868,0.151261,0.000916384,0.0302137,
0.01328,0.270843,0.0267645,0.0763818,0.092218,0.0218867,0.316008,0.151262,0.000914058,0.0304418,
0.0132464,0.270618,0.0267739,0.0762205,0.0923647,0.0218313,0.316086,0.15127,0.000911744,0.0306778,
0.013213,0.270408,0.0267063,0.0760651,0.0925229,0.0217762,0.316186,0.15129,0.000909442,0.0309234,
0.0131797,0.270215,0.026639,0.0759228,0.0926959,0.0217213,0.316305,0.151326,0.000907151,0.0310881,
0.0131466,0.270037,0.0265721,0.0757956,0.0928822,0.0216667,0.316439,0.15129,0.000904872,0.0312661,
0.0131136,0.269873,0.0265055,0.0756056,0.0930791,0.0216124,0.316592,0.151264,0.000902604,0.0314518,
0.0130808,0.26971,0.0264392,0.0754166,0.0932749,0.0215584,0.316744,0.151239,0.000900347,0.0316366,
0.0130482,0.269558,0.0263733,0.0752285,0.093481,0.0215046,0.316848,0.151226,0.000898102,0.0318345,
0.0130158,0.269424,0.0263077,0.0750414,0.0937033,0.0214511,0.316973,0.15114,0.000895868,0.0320472,
0.0129835,0.269239,0.0262551,0.0748552,0.0939345,0.0213979,0.317105,0.151066,0.000893645,0.0322699,
0.0129513,0.269073,0.0262147,0.0746699,0.0941813,0.0213449,0.317257,0.15091,0.000891433,0.0325066,
0.0129193,0.268919,0.026189,0.0744855,0.0943638,0.0212922,0.317418,0.150769,0.000889232,0.0327552,
0.0128875,0.268714,0.0261758,0.0743021,0.0945555,0.0212398,0.317586,0.150639,0.000887042,0.0330132,
0.0128559,0.268514,0.0261793,0.0741372,0.0947508,0.0211876,0.317693,0.15052,0.000884862,0.0332772,
0.0128243,0.268261,0.0261939,0.0739846,0.0949534,0.0211357,0.317804,0.150412,0.000882693,0.0335489,
0.012793,0.268021,0.0262206,0.073845,0.095167,0.021084,0.317926,0.150316,0.000880535,0.0337467,
0.0127618,0.267729,0.0262571,0.0737163,0.0953879,0.0210326,0.318054,0.15023,0.000878387,0.0339526,
0.0127307,0.267453,0.026305,0.0735994,0.0956215,0.0209814,0.318198,0.150156,0.00087625,0.0340785,
0.0126998,0.26712,0.0263626,0.0734931,0.0958633,0.0209305,0.31835,0.150093,0.000874123,0.0342136,
0.0126691,0.266725,0.02643,0.0733973,0.0961148,0.0208798,0.318513,0.150041,0.000872007,0.0343583,
0.0126385,0.266342,0.0265048,0.07322,0.096381,0.0208294,0.318701,0.150001,0.000869901,0.0345123,
