0.1,0.1,0.1,0.1,0.1,0.1,0.1,0.1,0.1,0.1,
0.105556,0.105556,0.105556,0.105556,0.105556,0.105556,0.0500002,0.105556,0.105556,0.105556,
0.112037,0.112037,0.112037,0.112037,0.112037,0.112037,0.0333336,0.112037,0.0703705,0.112037,
0.119742,0.0840278,0.119742,0.119742,0.119742,0.119742,0.0250002,0.119742,0.0527779,0.119742,
0.129127,0.0672223,0.129127,0.129127,0.0957937,0.129127,0.0200002,0.129127,0.0422223,0.129127,
0.140939,0.0560186,0.107606,0.140939,0.0798281,0.140939,0.0166668,0.140939,0.0351853,0.140939,
0.120805,0.0493446,0.0922336,0.156187,0.0684241,0.156187,0.0142858,0.156187,0.0301588,0.156187,
0.107772,0.0502065,0.0841628,0.170296,0.0619776,0.170296,0.0125001,0.170296,0.026389,0.146103,
0.0957975,0.0514895,0.0786167,0.180999,0.0577397,0.180999,0.0111112,0.180999,0.0234569,0.138792,
0.0862177,0.0525158,0.0741798,0.189561,0.0543495,0.189561,0.0100001,0.189561,0.0211112,0.132944,
0.0783798,0.0560499,0.0736217,0.183162,0.0547906,0.196448,0.0113105,0.196448,0.019192,0.130598,
0.0718481,0.0605139,0.0748271,0.167899,0.0568862,0.202575,0.0143566,0.202575,0.0184586,0.13006,
0.0663214,0.0655813,0.0773629,0.154983,0.0602605,0.207371,0.0188713,0.198338,0.0201678,0.130743,
0.0615841,0.0703626,0.080014,0.143913,0.0636454,0.211623,0.0232926,0.195099,0.0187272,0.131739,
0.0574785,0.0671324,0.0835218,0.134319,0.0677849,0.216613,0.0283137,0.193526,0.0174787,0.133832,
0.0538861,0.0656635,0.0783017,0.126848,0.0726545,0.222057,0.0339835,0.193348,0.0163863,0.136871,
0.0507163,0.0656412,0.0741796,0.121549,0.0692165,0.227963,0.0402101,0.194368,0.0154224,0.140734,
0.0478988,0.0656213,0.0705155,0.116839,0.0661605,0.233212,0.0457448,0.195275,0.0145656,0.144168,
0.0453778,0.0621676,0.0678121,0.11318,0.0639972,0.238272,0.0511836,0.196525,0.013799,0.147685,
0.0431089,0.0590592,0.065379,0.109888,0.0620501,0.242827,0.0560785,0.19765,0.0131091,0.15085,
0.0410561,0.0562469,0.0643551,0.108001,0.0614483,0.247192,0.0612941,0.193606,0.0124848,0.154315,
0.0391899,0.0536902,0.0644075,0.107244,0.0618789,0.251857,0.0607,0.190845,0.0119173,0.15827,
0.037486,0.0513558,0.0652987,0.107319,0.0630993,0.256118,0.0610521,0.188967,0.0113992,0.157906,
0.0359241,0.0493651,0.0667231,0.107992,0.0604702,0.2606,0.0619842,0.187846,0.0109242,0.158171,
0.0344871,0.0485246,0.0686143,0.10909,0.0580513,0.261407,0.0634912,0.187128,0.0104873,0.158719,
0.0331607,0.0484142,0.0709558,0.110681,0.0558186,0.262612,0.0654898,0.187016,0.0100839,0.155768,
0.0319325,0.0488847,0.0736603,0.108745,0.0539741,0.264194,0.0678828,0.187424,0.00971042,0.153592,
0.0307921,0.0496384,0.0764671,0.104862,0.0525923,0.265917,0.0704039,0.188085,0.00936362,0.151879,
0.0297303,0.0504373,0.0791694,0.101246,0.0507788,0.267595,0.0728416,0.188784,0.00904074,0.150377,
0.0287393,0.0517596,0.0821002,0.0978708,0.0490862,0.266935,0.0755536,0.189736,0.00873938,0.14948,
0.0278122,0.0535437,0.0854087,0.0947137,0.0475027,0.266905,0.0752542,0.191206,0.00845746,0.149196,
0.0269431,0.0552163,0.0885104,0.0917539,0.0460183,0.266878,0.0749735,0.192584,0.00819317,0.14893,
0.0261266,0.0572432,0.0917756,0.0889734,0.0446238,0.26484,0.0752202,0.194161,0.00794489,0.149091,
0.0253582,0.0595857,0.0952472,0.0863566,0.0433113,0.260841,0.0759065,0.196021,0.00771122,0.149661,
0.0246337,0.0621972,0.0989031,0.0841377,0.0420738,0.257476,0.076967,0.198144,0.0074909,0.147977,
0.0239494,0.0628021,0.102656,0.0823687,0.0409051,0.254607,0.0782824,0.200444,0.00728281,0.146703,
0.0233021,0.0637561,0.106557,0.0810903,0.0397996,0.249673,0.0799002,0.20296,0.00708598,0.145875,
0.0226889,0.0646599,0.110253,0.0798792,0.0387522,0.244999,0.0814329,0.205344,0.00689951,0.145092,
0.0221071,0.0633948,0.114187,0.078996,0.0377586,0.240858,0.0832315,0.208069,0.0067226,0.144676,
0.0215545,0.0621929,0.117924,0.0781569,0.0368146,0.236924,0.0849402,0.210658,0.00655453,0.144281,
0.0210287,0.0614156,0.121808,0.0777203,0.0359167,0.233538,0.0844823,0.213442,0.00639467,0.144254,
0.0205281,0.0610814,0.125463,0.0776559,0.0350758,0.230596,0.0843869,0.214542,0.00624241,0.144429,
0.0200507,0.0610673,0.128894,0.0778556,0.0346522,0.227997,0.0845485,0.214102,0.00609724,0.144736,
0.019595,0.0613143,0.13081,0.0782673,0.034575,0.225687,0.084916,0.213736,0.00595867,0.145141,
0.0191595,0.0617804,0.13275,0.0788701,0.0347664,0.223662,0.0854724,0.212032,0.00582625,0.14568,
0.018743,0.0624507,0.134861,0.0796763,0.0351652,0.221962,0.0843627,0.210639,0.00569959,0.14644,
0.0183442,0.0630924,0.136882,0.0804482,0.0355469,0.220335,0.0833001,0.209306,0.00557833,0.147167,
0.017962,0.0639215,0.138995,0.0813957,0.0361374,0.217332,0.0825116,0.208227,0.00546211,0.148055,
0.0175955,0.064922,0.141226,0.0808691,0.0369097,0.214658,0.0819612,0.207397,0.00535064,0.14911,
0.0172436,0.0660439,0.143431,0.0805669,0.0378408,0.212272,0.0816362,0.206722,0.00524363,0.149001,
0.0169055,0.0673081,0.145706,0.080475,0.03893,0.210171,0.0815223,0.206247,0.00514081,0.147594,
0.0165803,0.0686729,0.147971,0.0805665,0.0401473,0.208314,0.0815928,0.204693,0.00504195,0.146421,
0.0162675,0.0702119,0.150445,0.0808508,0.0415245,0.206739,0.0801097,0.203415,0.00494682,0.145489,
0.0159663,0.0719046,0.153086,0.0813156,0.0430479,0.205425,0.0788391,0.202391,0.00485521,0.14317,
0.015676,0.0737026,0.155781,0.0819368,0.0446871,0.202959,0.0777992,0.201573,0.00476693,0.141119,
0.015396,0.0745585,0.15844,0.0826623,0.046388,0.200724,0.0769567,0.200895,0.00468181,0.139298,
0.0151259,0.0755404,0.161134,0.0835182,0.0469382,0.19873,0.0763133,0.200391,0.00459967,0.137709,
0.0148651,0.0766889,0.164023,0.0845456,0.0476447,0.195401,0.0758493,0.200124,0.00452037,0.136337,
0.0146132,0.0777986,0.166815,0.0855382,0.0483272,0.192185,0.0754011,0.199867,0.00444375,0.135011,
0.0143696,0.0790114,0.169698,0.0866381,0.0491141,0.189184,0.0750856,0.199769,0.00436969,0.132761,
0.0141341,0.0803263,0.17256,0.0878435,0.050037,0.186473,0.0749565,0.198787,0.00429806,0.130584,
0.0139061,0.081679,0.174566,0.0890893,0.0510611,0.184057,0.0749985,0.197936,0.00422873,0.128478,
0.0136854,0.083073,0.175788,0.0903791,0.0521754,0.1819,0.0751891,0.19721,0.00416161,0.126439,
0.0134715,0.0844846,0.176247,0.0916891,0.0533507,0.179958,0.0754943,0.19658,0.00409658,0.124629,
0.0132643,0.0859261,0.175969,0.0930318,0.0545862,0.178207,0.0759028,0.196051,0.00403356,0.123029,
0.0130633,0.0874102,0.175792,0.093574,0.0558868,0.176636,0.0764131,0.19563,0.00397245,0.121622,
0.0128683,0.0890344,0.175796,0.0942569,0.0573112,0.174003,0.0770553,0.195398,0.00391315,0.120364,
0.0126791,0.0906839,0.175879,0.0950123,0.0587823,0.171587,0.0777781,0.194471,0.00385561,0.119271,
0.0124953,0.0923543,0.175278,0.0958336,0.0602944,0.169376,0.0785743,0.193663,0.00379973,0.118332,
0.012422,0.0940603,0.174788,0.0967235,0.0618536,0.167341,0.0785669,0.192972,0.00374545,0.117527,
0.0124652,0.0957824,0.174394,0.0976655,0.0634434,0.165474,0.0786567,0.191582,0.0036927,0.116845,
0.0125071,0.0974567,0.174011,0.0985815,0.064989,0.163658,0.078744,0.19023,0.00364141,0.116183,
0.0126402,0.0992065,0.173749,0.0995861,0.0666077,0.161986,0.0789312,0.188063,0.00359153,0.115638,
0.012877,0.100958,0.17283,0.100628,0.0682434,0.160462,0.0792005,0.186059,0.00354299,0.1152,
0.0132023,0.102765,0.171149,0.101742,0.0699369,0.159074,0.0795602,0.184203,0.00349575,0.114871,
0.0135797,0.104625,0.168897,0.102917,0.0716778,0.157787,0.0799848,0.18246,0.00344975,0.114622,
0.0140453,0.106553,0.166703,0.104173,0.0734856,0.156633,0.0796597,0.18086,0.00340495,0.114481,
0.0145957,0.108558,0.164566,0.105515,0.0753673,0.155608,0.0794403,0.179399,0.0033613,0.113588,
0.0151959,0.11062,0.162483,0.10692,0.0773006,0.154678,0.0792916,0.178041,0.00331875,0.112151,
0.0158868,0.112675,0.160452,0.107777,0.0792422,0.15387,0.0792506,0.17682,0.00327727,0.110749,
0.016665,0.114851,0.158471,0.108752,0.0812941,0.152294,0.0793168,0.175737,0.00323681,0.109381,
0.0174959,0.116565,0.156633,0.109723,0.0832871,0.150854,0.0794503,0.174747,0.00319733,0.108047,
0.0183871,0.118237,0.154956,0.110702,0.0847452,0.149552,0.0796584,0.173857,0.00315881,0.106746,
0.0193204,0.119968,0.153367,0.111742,0.0862557,0.147772,0.0799259,0.173053,0.00312121,0.105475,
0.0202317,0.121658,0.151815,0.112758,0.0877307,0.146033,0.0801871,0.172268,0.00308449,0.104234,
0.0211565,0.123361,0.15005,0.113795,0.089218,0.144335,0.0804775,0.171536,0.00304862,0.103022,
0.0221335,0.124707,0.148325,0.11486,0.0907196,0.142676,0.0808335,0.170893,0.00301358,0.101838,
0.0230884,0.126023,0.14664,0.115901,0.0921871,0.141055,0.0811814,0.170265,0.00297933,0.100681,
0.0240913,0.126998,0.144992,0.116972,0.093673,0.13947,0.0815903,0.169719,0.00294586,0.0995493,
0.025072,0.127951,0.143381,0.118019,0.095126,0.13792,0.0819901,0.169185,0.00291313,0.0984432,
0.0260311,0.128883,0.141805,0.119043,0.096547,0.136405,0.082381,0.168663,0.00288111,0.0973614,
0.0269694,0.129795,0.140264,0.120044,0.0979371,0.134922,0.0827635,0.168152,0.0028498,0.0963032,
0.0279537,0.130378,0.138756,0.121081,0.0993523,0.133471,0.0832035,0.167717,0.00281915,0.0952676,
0.028917,0.13095,0.13728,0.122095,0.100737,0.132051,0.0836341,0.167292,0.00278916,0.0942542,
0.0299257,0.131191,0.135835,0.12315,0.102154,0.130661,0.0841209,0.166941,0.0027598,0.093262,
0.0310163,0.131533,0.13442,0.124298,0.103659,0.1293,0.0847013,0.166051,0.00273106,0.0922905,
0.0320844,0.131868,0.133034,0.125423,0.105132,0.127967,0.0852697,0.165179,0.0027029,0.0913391,
0.0332402,0.132317,0.131676,0.126671,0.106727,0.126662,0.0859379,0.163687,0.00267532,0.0904071,
0.0344435,0.132822,0.130346,0.127544,0.108338,0.125382,0.0866624,0.16232,0.0026483,0.0894938,
0.0351744,0.133407,0.129043,0.128491,0.11001,0.124128,0.0874616,0.161063,0.00262181,0.0885989,
0.03597,0.134048,0.127765,0.129058,0.111705,0.122899,0.0883157,0.159921,0.00259586,0.0877217,
0.0362335,0.134783,0.126513,0.129719,0.11349,0.121694,0.0892558,0.158879,0.00257041,0.0868617,
0.0358817,0.135635,0.125284,0.130493,0.115403,0.120513,0.0902983,0.157928,0.00254545,0.0860184,
0.0355367,0.1362,0.12408,0.131319,0.117343,0.119354,0.0913883,0.157067,0.00252097,0.0851913,
0.0352759,0.136829,0.122898,0.132202,0.11931,0.118217,0.0920813,0.156309,0.00249697,0.0843799,
0.0351043,0.137532,0.121739,0.133155,0.121327,0.117102,0.0923335,0.15565,0.00247341,0.0835839,
0.034936,0.138223,0.120601,0.13409,0.123306,0.116008,0.092581,0.155003,0.00245029,0.0828027,
0.0348411,0.138612,0.119484,0.135058,0.12529,0.114934,0.0928849,0.154433,0.00242761,0.082036,
0.0348359,0.139057,0.118388,0.135674,0.127273,0.113879,0.0932545,0.153949,0.00240533,0.0812834,
0.034918,0.139535,0.117312,0.136317,0.128931,0.112844,0.0936749,0.153541,0.00238347,0.0805445,
0.0349986,0.140005,0.116255,0.136948,0.130558,0.111827,0.0940877,0.15314,0.00236199,0.0798188,
0.0350778,0.140466,0.115217,0.137567,0.132156,0.110829,0.0944932,0.152747,0.00234091,0.0791062,
0.0351556,0.140919,0.114197,0.138176,0.133726,0.109848,0.0948915,0.15236,0.00232019,0.0784061,
0.0353089,0.141427,0.113196,0.138443,0.135321,0.108884,0.0953508,0.152051,0.00229984,0.0777183,
0.0350019,0.142021,0.112211,0.13879,0.137017,0.107938,0.0958812,0.151818,0.00227984,0.0770425,
0.0347002,0.142362,0.111244,0.139193,0.138742,0.107007,0.0964636,0.15165,0.00226018,0.0763784,
0.0344036,0.142785,0.110293,0.139677,0.140538,0.106093,0.0966736,0.15157,0.00224087,0.0757256,
0.0341463,0.142944,0.109358,0.140209,0.142357,0.105193,0.0969377,0.151548,0.00222188,0.0750838,
0.0338933,0.143099,0.108439,0.140733,0.144146,0.10431,0.0971975,0.151526,0.0022032,0.0744529,
0.0337398,0.143299,0.107536,0.141282,0.145621,0.10344,0.09751,0.151556,0.00218484,0.0738324,
0.0336722,0.143541,0.106647,0.141857,0.146805,0.102585,0.0978709,0.151633,0.00216679,0.0732222,
0.033677,0.143836,0.105773,0.142128,0.148017,0.101745,0.0982862,0.151768,0.00214903,0.0726221,
0.033755,0.144197,0.104913,0.142041,0.149277,0.100917,0.0987659,0.151971,0.00213156,0.0720316,
0.0338319,0.144552,0.104067,0.141956,0.150517,0.100103,0.0992378,0.152171,0.00211437,0.0714507,
0.0335612,0.14497,0.103234,0.141928,0.15183,0.0993027,0.099764,0.152433,0.00209745,0.0708791,
0.0332948,0.145434,0.102415,0.141963,0.152894,0.0985145,0.10034,0.152747,0.0020808,0.0703166,
0.0330327,0.145892,0.101609,0.141997,0.153941,0.0977388,0.100907,0.153056,0.00206442,0.0697629,
0.0327746,0.146421,0.100815,0.142107,0.155055,0.0969752,0.101148,0.153438,0.00204829,0.0692179,
0.0325205,0.147009,0.100033,0.142282,0.156219,0.0962235,0.101453,0.153545,0.00203241,0.0686813,
0.0322704,0.147588,0.0992638,0.142455,0.157365,0.0954833,0.101754,0.153651,0.00201678,0.068153,
0.0320639,0.148235,0.098506,0.142282,0.158573,0.0947544,0.102123,0.153829,0.00200138,0.0676328,
0.0319239,0.148944,0.0977598,0.14218,0.159838,0.0940366,0.102136,0.154075,0.00198622,0.0671204,
0.0318579,0.149665,0.0970247,0.142126,0.160858,0.0933296,0.1022,0.154352,0.00197129,0.0666157,
0.031793,0.150375,0.0963007,0.142072,0.161863,0.0926331,0.102264,0.154624,0.00195658,0.0661186,
0.0317899,0.151125,0.0955873,0.142076,0.1629,0.0919469,0.102383,0.154621,0.00194208,0.0656288,
0.0318381,0.151673,0.0948845,0.142118,0.163944,0.0912708,0.102542,0.154655,0.0019278,0.0651463,
0.0319337,0.152019,0.0941919,0.142198,0.165,0.0906046,0.10274,0.154727,0.00191373,0.0646707,
0.0320757,0.15215,0.0935094,0.14232,0.166074,0.0899481,0.102979,0.15484,0.00189987,0.0642021,
0.0322701,0.152336,0.0928366,0.142159,0.167192,0.089301,0.103271,0.155008,0.0018862,0.0637402,
0.0324618,0.152519,0.0921735,0.142,0.168294,0.0886631,0.103558,0.155174,0.00187272,0.0632849,
0.0326507,0.152699,0.0915198,0.141843,0.16938,0.0880343,0.103841,0.155337,0.00185944,0.0628361,
0.0328902,0.152935,0.0908753,0.141745,0.170517,0.0874143,0.103826,0.155556,0.00184635,0.0623936,
0.033185,0.153239,0.0902398,0.141303,0.171722,0.086803,0.103874,0.155843,0.00183344,0.0619573,
0.0335311,0.153587,0.0896131,0.140923,0.172951,0.0862002,0.103974,0.155873,0.0018207,0.061527,
0.0339349,0.15396,0.0889951,0.140609,0.173913,0.0856057,0.104127,0.155944,0.00180815,0.0611027,
0.0343824,0.154357,0.0883856,0.140348,0.174658,0.0850194,0.10432,0.156049,0.00179576,0.0606842,
0.0348238,0.154748,0.0877843,0.140091,0.175393,0.084441,0.10451,0.156153,0.00178355,0.0602714,
0.0353173,0.15521,0.0871912,0.139483,0.176206,0.0838705,0.104761,0.156326,0.0017715,0.0598641,
0.035491,0.155734,0.086606,0.138929,0.177085,0.0833076,0.105067,0.156559,0.00175961,0.0594624,
0.0356624,0.156251,0.0860286,0.138383,0.177952,0.0827522,0.105369,0.156789,0.00174788,0.0590659,
0.0358839,0.156783,0.0854589,0.137897,0.178613,0.0822042,0.105703,0.157046,0.0017363,0.0586748,
0.0361026,0.157309,0.0848967,0.137417,0.179265,0.0816634,0.106034,0.157299,0.00172488,0.0582888,
0.036366,0.157868,0.0843418,0.136992,0.179946,0.0811296,0.106403,0.157332,0.0017136,0.0579078,
0.0366985,0.158456,0.0837941,0.136645,0.180331,0.0806028,0.106822,0.157418,0.00170248,0.0575318,
0.0366895,0.159115,0.0832535,0.136352,0.180788,0.0800828,0.1073,0.157567,0.00169149,0.0571606,
0.0366807,0.159766,0.0827198,0.136063,0.18124,0.0795694,0.107772,0.157715,0.00168065,0.0567942,
0.0364471,0.160463,0.0821929,0.135808,0.181738,0.0790626,0.108281,0.157905,0.00166995,0.0564324,
0.0362164,0.161248,0.0816727,0.135203,0.182326,0.0785622,0.108864,0.158172,0.00165938,0.0560753,
0.0359886,0.162024,0.0811591,0.134606,0.182907,0.0780681,0.10944,0.158436,0.00164894,0.0557226,
0.0357637,0.16279,0.0806518,0.134016,0.18348,0.0775802,0.110009,0.158696,0.00163863,0.0553743,
0.0355416,0.163547,0.0801509,0.133433,0.184046,0.0770983,0.110571,0.158954,0.00162846,0.0550304,
0.0353222,0.164334,0.0796561,0.132918,0.184411,0.0766224,0.111172,0.159255,0.0016184,0.0546907,
0.0351055,0.165199,0.0791674,0.132103,0.184849,0.0761523,0.111837,0.159623,0.00160847,0.0543552,
0.0348914,0.166112,0.0786847,0.131298,0.185105,0.075688,0.112553,0.160046,0.00159867,0.0540237,
0.03468,0.167014,0.0782078,0.130502,0.185358,0.0752293,0.11326,0.160463,0.00158898,0.0536963,
0.034471,0.167973,0.0777367,0.129716,0.185409,0.0747761,0.114025,0.160941,0.00157941,0.0533728,
0.0342646,0.168921,0.0772712,0.128939,0.185459,0.0743283,0.11478,0.161414,0.00156995,0.0530532,
0.0340743,0.169911,0.0768113,0.128171,0.185562,0.0738859,0.11558,0.161707,0.0015606,0.0527374,
0.0338862,0.170889,0.0763568,0.127413,0.185664,0.0734487,0.11637,0.161996,0.00155137,0.0524254,
0.0336869,0.171859,0.0759076,0.126663,0.185767,0.0730167,0.117155,0.162285,0.00154224,0.052117,
0.0334899,0.172818,0.0754637,0.125923,0.18587,0.0725897,0.11793,0.162571,0.00153322,0.0518122,
0.0332952,0.173847,0.075025,0.125191,0.185739,0.0721676,0.118773,0.162927,0.00152431,0.051511,
0.0331027,0.174972,0.0745913,0.124467,0.185314,0.0717505,0.119702,0.163371,0.0015155,0.0512132,
0.0329125,0.176145,0.0741626,0.123752,0.184953,0.0713381,0.12068,0.163631,0.00150679,0.0509189,
0.0327244,0.177426,0.0737388,0.123045,0.184283,0.0709305,0.121751,0.163976,0.00149818,0.050628,
0.0325385,0.17855,0.0733198,0.122345,0.183681,0.0705275,0.122846,0.164362,0.00148967,0.0503403,
0.0323546,0.179722,0.0729056,0.121654,0.183142,0.070129,0.123988,0.164568,0.00148125,0.0500559,
0.0321729,0.180952,0.072496,0.120971,0.182664,0.069735,0.125185,0.164577,0.00147293,0.0497747,
0.0319931,0.182061,0.072091,0.120295,0.182236,0.0693454,0.126394,0.164624,0.0014647,0.0494966,
0.0318154,0.183158,0.0716905,0.119627,0.181812,0.0689602,0.127589,0.16467,0.00145656,0.0492216,
0.0316396,0.184243,0.0712944,0.118966,0.181393,0.0685792,0.128772,0.164716,0.00144852,0.0489497,
0.0314658,0.185358,0.0709027,0.118312,0.181041,0.0682024,0.129778,0.164819,0.00144056,0.0486807,
0.0312938,0.186563,0.0705153,0.117666,0.180433,0.0678297,0.130863,0.16499,0.00143269,0.0484147,
0.0311238,0.18765,0.070132,0.117026,0.179877,0.067461,0.13196,0.165193,0.0014249,0.0481516,
0.0309555,0.188726,0.0697529,0.116393,0.179326,0.0670964,0.133046,0.165394,0.0014172,0.0478913,
0.0307891,0.18979,0.0693779,0.115768,0.178782,0.0667357,0.134121,0.165593,0.00140958,0.0476338,
0.0306244,0.190888,0.0690069,0.115149,0.178311,0.0663788,0.135013,0.165849,0.00140204,0.0473791,
0.0304616,0.192021,0.0686398,0.114536,0.177906,0.0660257,0.135731,0.166157,0.00139458,0.0471271,
0.0303004,0.193143,0.0682767,0.11393,0.177505,0.0656764,0.136442,0.166462,0.0013872,0.0468777,
0.0301409,0.194253,0.0679173,0.11333,0.177108,0.0653307,0.137145,0.166764,0.0013799,0.046631,
0.0299831,0.195468,0.0675617,0.112737,0.176428,0.0649887,0.137931,0.167143,0.00137268,0.0463869,
0.0298269,0.196725,0.0672099,0.11215,0.175806,0.0646502,0.138762,0.167359,0.00136553,0.0461453,
0.0296724,0.197969,0.0668616,0.111569,0.17519,0.0643152,0.139584,0.167573,0.00135845,0.0459062,
0.0295194,0.199201,0.066517,0.110994,0.174581,0.0639837,0.140398,0.167785,0.00135145,0.0456695,
0.0293681,0.200459,0.0661759,0.110425,0.17403,0.0636556,0.141064,0.168043,0.00134452,0.0454353,
0.0292182,0.201704,0.0658382,0.109861,0.173486,0.0633308,0.141723,0.168297,0.00133766,0.0452035,
0.0290699,0.202937,0.065504,0.109304,0.172946,0.0630093,0.142376,0.168549,0.00133087,0.0449741,
0.0289231,0.20422,0.0651732,0.108751,0.172464,0.0626911,0.14308,0.168626,0.00132415,0.0447469,
0.0287777,0.20549,0.0648457,0.108205,0.171987,0.062376,0.143776,0.168703,0.00131749,0.0445221,
0.0286339,0.206747,0.0645215,0.107664,0.171515,0.0620642,0.144466,0.168778,0.00131091,0.0442995,
0.0284914,0.207893,0.0642005,0.107128,0.17109,0.0617554,0.145173,0.168886,0.00130439,0.0440791,
0.0283504,0.209069,0.0638826,0.106598,0.17072,0.0614497,0.14573,0.169041,0.00129793,0.0438608,
0.0282107,0.210298,0.0635679,0.106073,0.170402,0.061147,0.146337,0.169028,0.00129153,0.0436448,
0.0280724,0.211514,0.0632563,0.105553,0.170088,0.0608472,0.146938,0.169016,0.0012852,0.0434308,
0.0279355,0.212718,0.0629478,0.105038,0.169776,0.0605504,0.147533,0.169003,0.00127893,0.043219,
0.0277999,0.213821,0.0626422,0.104528,0.169503,0.0602565,0.148145,0.169021,0.00127273,0.0430092,
0.0276656,0.214989,0.0623396,0.104023,0.169284,0.0599654,0.148815,0.16885,0.00126658,0.0428014,
0.0275326,0.216055,0.0620399,0.103523,0.169102,0.0596771,0.149499,0.168715,0.00126049,0.0425956,
0.0274008,0.217148,0.061743,0.103028,0.168967,0.0593915,0.15005,0.168626,0.00125446,0.0423918,
0.0272703,0.218141,0.061449,0.102537,0.168866,0.0591087,0.150619,0.16857,0.00124848,0.04219,
0.0271411,0.219041,0.0611578,0.102051,0.168798,0.0588286,0.151205,0.168545,0.00124257,0.04199,
0.0270131,0.219837,0.0608693,0.101599,0.168755,0.0585511,0.151801,0.168545,0.0012367,0.0417919,
0.0268863,0.220533,0.0605835,0.101188,0.168736,0.0582762,0.152403,0.168568,0.0012309,0.0415957,
0.0267606,0.221269,0.0603004,0.100815,0.168551,0.0580039,0.153044,0.16863,0.00122515,0.0414014,
0.0266361,0.221903,0.06002,0.100481,0.168394,0.0577341,0.153691,0.168713,0.00121945,0.0412088,
0.0265128,0.222441,0.0597421,0.100183,0.168262,0.0574668,0.154344,0.168816,0.0012138,0.041018,
0.0263907,0.223028,0.0594668,0.0999213,0.16795,0.057202,0.155042,0.168962,0.00120821,0.040829,
0.0262696,0.223609,0.059194,0.099662,0.16764,0.0569396,0.155734,0.169107,0.00120267,0.0406417,
0.0261496,0.224094,0.0589237,0.099437,0.167361,0.0566796,0.156432,0.16927,0.00119718,0.0404561,
0.0260308,0.224575,0.0586559,0.099214,0.167084,0.056422,0.157123,0.169432,0.00119173,0.0402722,
0.025913,0.225051,0.0583905,0.098993,0.16681,0.0561667,0.157808,0.169593,0.00118634,0.04009,
0.0257963,0.22554,0.0581274,0.0988115,0.166572,0.0559137,0.158372,0.169778,0.001181,0.0399094,
0.0256806,0.22594,0.0578668,0.0986593,0.16636,0.0556629,0.158944,0.16998,0.0011757,0.0397305,
0.0255659,0.226358,0.0576084,0.0985432,0.166181,0.0554144,0.1594,0.170206,0.00117045,0.0395531,
0.0254523,0.226795,0.0573524,0.0984617,0.166036,0.0551681,0.159736,0.170457,0.00116525,0.0393773,
0.0253397,0.227145,0.0570986,0.0984069,0.165914,0.054924,0.160085,0.170723,0.00116009,0.0392031,
0.0252281,0.227551,0.0568471,0.0981534,0.165832,0.0546821,0.160483,0.171038,0.00115498,0.0390304,
0.0251174,0.227868,0.0565978,0.0979314,0.165773,0.0544422,0.160895,0.171366,0.00114992,0.0388592,
0.0250077,0.228208,0.0563506,0.0977465,0.165747,0.0542045,0.16133,0.171571,0.0011449,0.0386895,
0.024899,0.228619,0.0561056,0.0973215,0.165766,0.0539688,0.161827,0.17183,0.00113992,0.0385213,
0.0247912,0.229056,0.0558627,0.0969264,0.165822,0.0537352,0.162195,0.172121,0.00113498,0.0383545,
0.0246844,0.229514,0.0556219,0.0965694,0.165906,0.0535036,0.162445,0.172437,0.00113009,0.0381892,
0.0245784,0.230001,0.0553832,0.0962457,0.16586,0.053274,0.162725,0.172782,0.00112524,0.0380253,
0.0244734,0.230484,0.0551465,0.0959248,0.165813,0.0530463,0.163003,0.173125,0.00112043,0.0378628,
0.0243692,0.230992,0.0549119,0.0955166,0.165785,0.0528206,0.1633,0.173488,0.00111567,0.0377017,
0.024266,0.231535,0.0546792,0.0951119,0.165794,0.0525967,0.163479,0.173886,0.00111094,0.0375419,
0.0241636,0.232125,0.0544485,0.0947106,0.165662,0.0523748,0.163698,0.174327,0.00110625,0.0373835,
0.0240621,0.232754,0.0542197,0.0943126,0.165571,0.0521548,0.163792,0.174806,0.0011016,0.0372264,
0.0239614,0.233377,0.0539929,0.093918,0.16548,0.0519365,0.163884,0.175282,0.00109699,0.0370707,
0.0238616,0.233996,0.0537679,0.0935267,0.16539,0.0517201,0.163976,0.175753,0.00109242,0.0369162,
0.0237625,0.234639,0.0535448,0.0931386,0.165335,0.0515055,0.1641,0.176123,0.00108789,0.036763,
0.0236643,0.235276,0.0533235,0.0927537,0.165281,0.0512927,0.164224,0.176491,0.00108339,0.0366111,
0.023567,0.235839,0.0531075,0.092372,0.165251,0.0510816,0.164368,0.176874,0.00107894,0.0364605,
0.0234704,0.236314,0.0529259,0.0919935,0.165242,0.0508723,0.16453,0.177266,0.00107451,0.036311,
0.0233746,0.236804,0.0527802,0.091618,0.165261,0.0506646,0.164715,0.17755,0.00107013,0.0361628,
0.0232796,0.237202,0.0526641,0.091273,0.165294,0.0504587,0.164909,0.177838,0.00106578,0.0360158,
0.0231853,0.237512,0.0525755,0.0909587,0.16534,0.0502544,0.165112,0.178131,0.00106146,0.03587,
0.0230918,0.237843,0.0525145,0.0906741,0.165257,0.0500517,0.165339,0.178446,0.00105718,0.0357254,
0.0229991,0.238202,0.0524791,0.0904165,0.165034,0.0498507,0.165592,0.178789,0.00105294,0.035584,
0.0229071,0.238606,0.0522692,0.0901754,0.164837,0.0496513,0.16588,0.179169,0.00104873,0.0354555,
0.0228158,0.239048,0.0520609,0.0899598,0.164481,0.0494535,0.166202,0.179584,0.00104455,0.03535,
0.0227253,0.239404,0.0518543,0.0897711,0.164149,0.0492573,0.166527,0.179999,0.0010404,0.0352728,
0.0226355,0.239812,0.0516494,0.0896068,0.163624,0.0490626,0.166897,0.180461,0.00103629,0.0352162,
0.0225463,0.240252,0.0514493,0.0894564,0.162979,0.0488694,0.167292,0.180952,0.00103221,0.0351705,
0.0224579,0.240689,0.0512508,0.0893072,0.16234,0.0486778,0.167685,0.181439,0.00102816,0.0351252,
0.0223702,0.241123,0.0510538,0.0891592,0.161706,0.0484876,0.168074,0.181922,0.00102415,0.0350802,
0.0222832,0.24156,0.0508908,0.089041,0.161077,0.048299,0.168351,0.182411,0.00102016,0.0350664,
0.0221968,0.241911,0.0507562,0.0889465,0.160453,0.0481118,0.168634,0.182897,0.00101621,0.0350777,
0.0221111,0.242272,0.050653,0.0888802,0.159833,0.047926,0.168801,0.183393,0.00101228,0.0351181,
0.022026,0.24265,0.0505841,0.088846,0.159218,0.0477417,0.168828,0.183906,0.00100839,0.0351909,
0.0219417,0.242943,0.0505388,0.0888306,0.158622,0.0475587,0.168865,0.184412,0.00100453,0.035284,
0.0218579,0.243248,0.0505182,0.088838,0.158055,0.0473772,0.168777,0.184928,0.00100069,0.0354001,
0.0217748,0.243609,0.0505195,0.088873,0.15751,0.0471971,0.168724,0.185498,0.000996887,0.0352984,
0.0216923,0.243981,0.0505266,0.088915,0.156913,0.0470183,0.16868,0.186078,0.000993111,0.0352021,
0.0216105,0.244349,0.0505663,0.0889838,0.156321,0.0468409,0.168657,0.186538,0.000989364,0.0351442,
0.0215292,0.244714,0.0506056,0.089052,0.155733,0.0466648,0.168634,0.186994,0.000985644,0.0350867,
0.0214486,0.245077,0.0506447,0.0891196,0.15515,0.04649,0.168612,0.187447,0.000981953,0.0350296,
0.0213686,0.245437,0.0506835,0.0891868,0.154571,0.0463165,0.168589,0.187896,0.000978289,0.034973,
0.0212891,0.245856,0.05052,0.0892824,0.153997,0.0461444,0.168604,0.1884,0.000974652,0.0349332,
0.0212103,0.246271,0.0503892,0.0893986,0.153426,0.0459735,0.168634,0.188802,0.000971042,0.0349236,
0.021132,0.246705,0.0502841,0.0895378,0.15286,0.0458038,0.168547,0.189224,0.000967459,0.0349386,
0.0210543,0.247062,0.0502031,0.0896908,0.152298,0.0456354,0.168474,0.189644,0.000963902,0.0349754,
0.0209772,0.247467,0.0501367,0.0898686,0.15174,0.0454683,0.168429,0.190106,0.000960371,0.0348473,
0.0209006,0.247879,0.0500993,0.0900677,0.151187,0.0453023,0.168406,0.190482,0.000956866,0.0347201,
0.0208246,0.248288,0.0500622,0.0902653,0.150637,0.0451376,0.168383,0.190855,0.000953387,0.0345939,
0.0207492,0.248695,0.0500253,0.0904615,0.150091,0.044974,0.168361,0.191225,0.000949933,0.0344685,
0.0206743,0.249098,0.0499887,0.0906563,0.149549,0.0448117,0.168338,0.191593,0.000946503,0.0343441,
0.0205999,0.249433,0.0499755,0.0908669,0.149011,0.0446505,0.168332,0.191967,0.000943099,0.0342206,
0.0205261,0.249766,0.0499624,0.091076,0.148477,0.0444904,0.168326,0.192338,0.000939718,0.0340979,
0.0204528,0.250032,0.0499704,0.091299,0.147953,0.0443315,0.168335,0.192714,0.000936362,0.0339761,
0.02038,0.250228,0.0499976,0.0915328,0.147455,0.0441738,0.168354,0.19309,0.00093303,0.0338552,
0.0203077,0.250422,0.0500245,0.091765,0.146961,0.0440171,0.168374,0.193463,0.000929721,0.0337352,
0.0202359,0.250638,0.0500722,0.0918865,0.146491,0.0438616,0.168415,0.193857,0.000926436,0.033616,
0.0201647,0.250866,0.0501252,0.0920147,0.145975,0.0437072,0.168466,0.194261,0.000923174,0.0334976,
0.0200939,0.251104,0.0502027,0.0921638,0.145463,0.0435538,0.168535,0.194584,0.000919935,0.0333801,
0.0200237,0.251341,0.0502796,0.0923117,0.144954,0.0434015,0.168603,0.194905,0.000916718,0.0332633,
0.0199539,0.251631,0.0501827,0.0924898,0.144449,0.0432503,0.168709,0.195273,0.000913524,0.0331474,
0.0198846,0.251931,0.0501136,0.0926881,0.143948,0.0431001,0.168833,0.195559,0.000910352,0.0330324,
0.0198158,0.252262,0.0499402,0.0929039,0.14345,0.042951,0.168979,0.195873,0.000907202,0.0329181,
0.0197475,0.252591,0.049768,0.0931183,0.142955,0.0428029,0.169125,0.196184,0.000904074,0.0328045,
0.0196796,0.252941,0.049597,0.0933565,0.142464,0.0426558,0.169293,0.19642,0.000900967,0.0326918,
0.0196122,0.253288,0.0494271,0.0935929,0.141976,0.0425097,0.169461,0.196655,0.000897882,0.0325799,
0.0195453,0.253672,0.0492584,0.0937198,0.141491,0.0423646,0.169661,0.196924,0.000894817,0.0324687,
0.0194788,0.254002,0.0490909,0.0938655,0.14101,0.0422205,0.169876,0.197206,0.000891773,0.0323582,
0.0194128,0.254278,0.0489245,0.0940296,0.140532,0.0420774,0.170106,0.197502,0.000888751,0.0322485,
0.0193472,0.254592,0.0487592,0.0940799,0.140057,0.0419352,0.170369,0.197834,0.000885748,0.0321396,
0.0192821,0.254918,0.048613,0.0941524,0.139586,0.041794,0.170648,0.198088,0.000882766,0.0320351,
0.0192174,0.255176,0.0484896,0.0942386,0.139117,0.0416538,0.17093,0.198344,0.000879803,0.0319535,
0.0191531,0.255437,0.0483911,0.0943419,0.138652,0.0415145,0.171219,0.198517,0.000876861,0.0318967,
0.0190892,0.255634,0.0483131,0.0944576,0.13819,0.0413761,0.171512,0.198694,0.000873938,0.0318603,
0.0190258,0.255838,0.0482593,0.0945908,0.137731,0.0412386,0.171716,0.198882,0.000871035,0.0318482,
0.0189628,0.255978,0.0482243,0.0947355,0.137275,0.0411021,0.171926,0.199073,0.00086815,0.0318547,
0.0189002,0.256149,0.0481993,0.0948972,0.136822,0.0409664,0.17216,0.199291,0.000865285,0.0317496,
0.0188381,0.256336,0.0482012,0.0950809,0.136372,0.0408317,0.172412,0.199421,0.000862439,0.0316451,
0.0187763,0.256521,0.0482031,0.0952634,0.135925,0.0406978,0.172663,0.199549,0.000859611,0.0315414,
0.0187149,0.256651,0.0482232,0.0954593,0.13548,0.0405648,0.172923,0.199689,0.000856802,0.0314383,
0.018654,0.256717,0.0482629,0.0956701,0.135039,0.0404327,0.173194,0.19984,0.000854011,0.0313359,
0.0185934,0.256723,0.0483195,0.0958933,0.134601,0.0403014,0.173474,0.200002,0.000851238,0.0312416,
0.0185332,0.256729,0.0483758,0.0961151,0.134165,0.040171,0.173752,0.200162,0.000848484,0.0311478,
0.0184735,0.256746,0.0484512,0.0963501,0.133732,0.0400414,0.173951,0.200332,0.000845746,0.0310773,
0.0184141,0.256766,0.0485439,0.0965947,0.133325,0.0399126,0.174155,0.200417,0.000843027,0.0310293,
0.018355,0.256794,0.0486533,0.0968497,0.132941,0.0397847,0.174366,0.200414,0.000840325,0.0310023,
0.0182964,0.256762,0.0487739,0.0971101,0.132575,0.0396576,0.174579,0.200417,0.00083764,0.0309907,
0.0182381,0.256755,0.0487733,0.0973904,0.132225,0.0395313,0.174816,0.200444,0.000834973,0.0309924,
0.0181802,0.256759,0.0487895,0.0975836,0.131894,0.0394058,0.175062,0.200482,0.000832322,0.0310114,
0.0181227,0.256705,0.0488187,0.0977835,0.13158,0.0392811,0.17531,0.200525,0.000829688,0.0310443,
0.0180655,0.256665,0.0488637,0.0978927,0.131284,0.0391572,0.17557,0.200581,0.000827071,0.0310932,
0.0180087,0.256652,0.0489202,0.0980188,0.130871,0.0390341,0.175856,0.200662,0.00082447,0.0311521,
0.0179523,0.256584,0.04899,0.0981554,0.130461,0.0389117,0.176148,0.200751,0.000821885,0.031225,
0.0178962,0.256549,0.0490757,0.098315,0.130053,0.0387901,0.176475,0.200873,0.000819317,0.031153,
0.0178404,0.256515,0.0491608,0.0984736,0.129648,0.0386693,0.1768,0.200994,0.000816764,0.0310815,
0.017785,0.25649,0.0492625,0.0986444,0.129247,0.0385492,0.177054,0.201123,0.000814228,0.0310312,
0.0177299,0.256469,0.0493787,0.0988247,0.12887,0.0384298,0.177231,0.201255,0.000811707,0.0310005,
0.0176752,0.256448,0.0494941,0.0990039,0.128494,0.0383112,0.177408,0.201387,0.000809202,0.0309701,
0.0176208,0.256369,0.0496202,0.0991901,0.128136,0.0381933,0.177588,0.201522,0.000806712,0.0309541,
0.0175668,0.256298,0.0497592,0.0993854,0.127798,0.0380762,0.177695,0.201662,0.000804237,0.0309553,
0.0175131,0.256171,0.0499079,0.0995874,0.127475,0.0379597,0.177808,0.201806,0.000801778,0.0309694,
0.0174597,0.256054,0.0500691,0.0997989,0.127171,0.037844,0.177849,0.201956,0.000799334,0.0309994,
0.0174066,0.255937,0.0502293,0.100009,0.126868,0.037729,0.177889,0.202106,0.000796904,0.0310293,
0.0173539,0.25584,0.0502873,0.100235,0.12658,0.0376146,0.177947,0.202275,0.000794489,0.0310722,
0.0173014,0.255754,0.0503597,0.100472,0.12631,0.037501,0.177929,0.202451,0.000792089,0.0311303,
0.0172493,0.255672,0.0504451,0.100714,0.126057,0.037388,0.17792,0.202561,0.000789703,0.031203,
0.0171975,0.255619,0.0505438,0.100978,0.125679,0.0372758,0.177933,0.202699,0.000787332,0.0312868,
0.017146,0.255592,0.050533,0.101263,0.125303,0.0371642,0.177968,0.202862,0.000784974,0.0313842,
0.0170948,0.255575,0.0505377,0.101558,0.124941,0.0370532,0.177928,0.203034,0.000782631,0.0314959,
0.017044,0.255562,0.0505576,0.101858,0.1246,0.036943,0.177896,0.203138,0.000780302,0.0316213,
0.0169934,0.255554,0.0505914,0.102163,0.124277,0.0368333,0.177874,0.203177,0.000777986,0.0317591,
0.0169431,0.255496,0.0506359,0.102472,0.123969,0.0367244,0.177858,0.203221,0.000775685,0.0319064,
0.0168931,0.255446,0.0506939,0.102709,0.123677,0.036616,0.177852,0.203273,0.000773396,0.032066,
0.0168434,0.255403,0.0507647,0.102954,0.123403,0.0365083,0.177855,0.203259,0.000771122,0.0322373,
0.0167941,0.255368,0.0508477,0.103208,0.123144,0.0364013,0.177868,0.203181,0.00076886,0.0324196,
0.0167449,0.255334,0.0509302,0.103459,0.122886,0.0362948,0.177881,0.203102,0.000766612,0.0326009,
0.0166961,0.255318,0.0510253,0.103726,0.122642,0.036189,0.177911,0.203041,0.000764377,0.0326868,
0.0166476,0.255303,0.0511199,0.103992,0.122399,0.0360838,0.17794,0.20298,0.000762155,0.0327723,
0.0165993,0.255296,0.0512264,0.104266,0.122171,0.0359792,0.177902,0.20293,0.000759946,0.0328702,
0.0165514,0.255241,0.0513418,0.104543,0.121955,0.0358752,0.17787,0.202886,0.00075775,0.0329779,
0.0165037,0.255187,0.0514566,0.104819,0.121741,0.0357719,0.177839,0.202841,0.000755566,0.0330851,
0.0164562,0.25514,0.0515824,0.10503,0.121541,0.0356691,0.177817,0.202807,0.000753395,0.0332039,
0.0164091,0.255044,0.0517167,0.105247,0.121353,0.0355669,0.177803,0.202778,0.000751236,0.033332,
0.0163622,0.254979,0.0518684,0.105487,0.121024,0.0354652,0.177813,0.202776,0.00074909,0.0334756,
0.0163156,0.254932,0.0519297,0.105743,0.120708,0.0353642,0.177839,0.202791,0.000746956,0.0336314,
0.0162692,0.254891,0.0519936,0.106002,0.120365,0.0352637,0.17787,0.202811,0.000744834,0.0337896,
0.0162232,0.254804,0.0520683,0.106269,0.120024,0.0351638,0.177909,0.202839,0.000742724,0.0339578,
0.0161773,0.254729,0.0521562,0.106545,0.119685,0.0350645,0.177886,0.202879,0.000740625,0.0341384,
0.0161318,0.254609,0.052254,0.106829,0.119347,0.0349657,0.177871,0.202926,0.000738539,0.0343281,
0.0160864,0.25449,0.0523512,0.107111,0.119012,0.0348675,0.177856,0.202973,0.000736465,0.0345168,
0.0160414,0.254384,0.0524611,0.107404,0.118679,0.0347698,0.177776,0.203033,0.000734402,0.0347175,
0.0159966,0.25429,0.0525837,0.107634,0.118347,0.0346727,0.17771,0.203103,0.00073235,0.0349302,
0.015952,0.254208,0.0527195,0.107798,0.118018,0.0345761,0.177657,0.203186,0.00073031,0.0351554,
0.0159077,0.254079,0.0528654,0.10797,0.11769,0.0344801,0.177614,0.203276,0.000728282,0.0353898,
0.0158636,0.253951,0.0530104,0.108142,0.117364,0.0343846,0.177571,0.203365,0.000726264,0.035623,
0.0158198,0.253776,0.0531647,0.108322,0.11704,0.0342896,0.177537,0.203462,0.000724258,0.0358648,
0.0157762,0.253615,0.0533309,0.108437,0.116717,0.0341951,0.177517,0.203571,0.000722263,0.0361179,
0.0157329,0.253405,0.0535054,0.108561,0.116404,0.0341012,0.177505,0.203687,0.000720279,0.0363786,
0.0156898,0.253211,0.0536925,0.108698,0.116104,0.0340078,0.177506,0.203816,0.000718305,0.0365552,
0.0156469,0.252967,0.0538872,0.108843,0.115817,0.0339148,0.177516,0.203952,0.000716343,0.0367398,
0.0156043,0.252725,0.0540808,0.108986,0.115532,0.0338224,0.177526,0.204086,0.000714391,0.0369234,
0.0155619,0.252491,0.0542824,0.109136,0.115262,0.0337305,0.177542,0.204165,0.000712449,0.0371161,
0.0155197,0.252269,0.0544934,0.109295,0.115007,0.0336391,0.177496,0.204252,0.000710519,0.0373185,
0.0154778,0.252057,0.0547138,0.109464,0.114764,0.0335482,0.177388,0.204348,0.000708598,0.0375306,
0.015436,0.251854,0.0549416,0.109638,0.114535,0.0334578,0.177288,0.204391,0.000706688,0.0377508,
0.0153945,0.251663,0.0551794,0.109824,0.114319,0.0333678,0.177121,0.204445,0.000704789,0.0379812,
0.0153533,0.251483,0.0554257,0.109948,0.114116,0.0332784,0.176966,0.204507,0.000702899,0.0382204,
0.0153122,0.251314,0.0556062,0.110083,0.113925,0.0331894,0.176821,0.204579,0.00070102,0.0384691,
0.0152714,0.2511,0.0557937,0.110224,0.113744,0.0331009,0.176686,0.204657,0.00069915,0.0387243,
0.0152308,0.250887,0.0559801,0.110365,0.113564,0.0330129,0.176551,0.204734,0.000697291,0.038978,
0.0151904,0.250687,0.0561766,0.110516,0.113395,0.0329253,0.176428,0.204823,0.000695441,0.0391635,
0.0151502,0.250494,0.0563805,0.110673,0.113239,0.0328382,0.176314,0.204859,0.000693602,0.0393571,
0.0151102,0.250312,0.0565932,0.110772,0.113095,0.0327515,0.176211,0.204905,0.000691772,0.0395598,
0.0150705,0.250086,0.0568121,0.110877,0.11296,0.0326653,0.176115,0.204956,0.000689951,0.0397692,
0.0150309,0.249861,0.0570299,0.110981,0.112825,0.0325796,0.17602,0.205007,0.00068814,0.0399775,
0.0149916,0.249638,0.0572466,0.111085,0.112691,0.0324943,0.175925,0.205057,0.000686339,0.0401846,
0.0149524,0.249425,0.0574022,0.111198,0.112568,0.0324095,0.175841,0.205118,0.000684547,0.0404007,
0.0149135,0.249225,0.057568,0.111323,0.112456,0.0323251,0.175769,0.20519,0.000682764,0.0405471,
0.0148747,0.249038,0.0576651,0.111458,0.112355,0.0322411,0.175708,0.205275,0.000680991,0.0407035,
0.0148362,0.24887,0.0577747,0.111609,0.112158,0.0321576,0.175664,0.20538,0.000679226,0.0408724,
0.0147979,0.248711,0.0578939,0.111701,0.111972,0.0320745,0.17563,0.205492,0.000677471,0.0410504,
0.0147597,0.248559,0.0580213,0.111801,0.111799,0.0319918,0.175602,0.205555,0.000675725,0.0412362,
0.0147218,0.24842,0.0580765,0.111912,0.111636,0.0319096,0.175586,0.205631,0.000673988,0.0414323,
0.014684,0.248301,0.0581423,0.112038,0.111376,0.0318278,0.175588,0.205729,0.00067226,0.0416409,
0.0146465,0.248188,0.0582175,0.112171,0.111129,0.0317464,0.175597,0.205778,0.000670541,0.0418566,
0.0146091,0.248084,0.0583024,0.112245,0.110895,0.0316654,0.175614,0.205835,0.00066883,0.0420811,
0.0145719,0.247987,0.0583968,0.112327,0.110674,0.0315848,0.175638,0.20584,0.000667128,0.042313,
0.014535,0.247901,0.058501,0.112346,0.110464,0.0315047,0.175672,0.205856,0.000665435,0.042554,
0.0144982,0.247827,0.0586153,0.112297,0.110266,0.0314249,0.175718,0.205884,0.00066375,0.0428049,
0.0144615,0.247768,0.0586566,0.11226,0.110077,0.0313455,0.175777,0.205926,0.000662074,0.0430664,
0.0144251,0.247718,0.0587079,0.112233,0.1099,0.0312666,0.175845,0.205977,0.000660407,0.0432663,
0.0143889,0.247674,0.058769,0.112216,0.109735,0.031188,0.175919,0.205977,0.000658747,0.043474,
0.0143528,0.247644,0.0588401,0.112129,0.109581,0.0311099,0.176006,0.205989,0.000657096,0.0436918,
0.0143169,0.247613,0.0589108,0.112042,0.109427,0.0310321,0.176092,0.206002,0.000655454,0.0439085,
0.0142812,0.247588,0.0589905,0.111965,0.109284,0.0309547,0.176129,0.206021,0.000653819,0.0441324,
0.0142457,0.247569,0.059079,0.111898,0.109152,0.0308777,0.176172,0.205991,0.000652193,0.0443631,
0.0142104,0.247512,0.0591742,0.111839,0.109029,0.0308011,0.176219,0.205965,0.000650574,0.0445987,
0.0141752,0.247462,0.0592786,0.11179,0.108918,0.0307248,0.176274,0.205887,0.000648964,0.0448418,
0.0141402,0.247431,0.0593938,0.111752,0.10872,0.030649,0.176344,0.205825,0.000647361,0.0450973,
0.0141054,0.247361,0.0595155,0.111721,0.108533,0.0305735,0.176419,0.205768,0.000645767,0.0453575,
0.0140707,0.247297,0.0596461,0.111701,0.108358,0.0304984,0.176441,0.205719,0.00064418,0.0456247,
0.0140362,0.247198,0.0597825,0.111687,0.108193,0.0304236,0.176467,0.205675,0.000642601,0.0458961,
0.0140019,0.247109,0.0599282,0.111683,0.108038,0.0303492,0.176503,0.20564,0.00064103,0.0461069,
0.0139677,0.246981,0.0600799,0.111686,0.107893,0.0302752,0.176543,0.205611,0.000639467,0.0463232,
0.0139338,0.246865,0.060242,0.111701,0.107759,0.0302015,0.176595,0.205594,0.000637911,0.0464714,
0.0138999,0.246713,0.0604097,0.111721,0.107633,0.0301282,0.176652,0.205581,0.000636363,0.0466255,
0.0138663,0.24652,0.0605834,0.111749,0.107516,0.0300553,0.176715,0.205575,0.000634822,0.046786,
0.0138328,0.246339,0.0607659,0.111717,0.107408,0.0299827,0.176787,0.205579,0.000633288,0.0469553,
